1:ItNr	2:Metric	2:Metric0	3a:Time	3b:StepSize	4:||Gradient0||	4:||Gradient||	Time0[ms]	Time[ms]
0	-0.730866	-0.730866	0.000000	1206.837933	0.002703	0.002703	0.9	1241.7
1	-0.751000	-0.751000	0.000000	1206.837933	0.003495	0.003495	1.3	134.0
2	-0.754263	-0.754263	0.000000	1206.837933	0.003640	0.003640	0.9	138.0
3	-0.773947	-0.773947	0.000000	1206.837933	0.002216	0.002216	0.9	144.3
4	-0.748540	-0.748540	0.000000	1206.837933	0.002564	0.002564	1.2	154.7
5	-0.781517	-0.781517	0.000000	1206.837933	0.002620	0.002620	1.1	154.1
6	-0.788694	-0.788694	0.000000	1206.837933	0.001912	0.001912	1.1	153.1
7	-0.765592	-0.765592	0.000000	1206.837933	0.002157	0.002157	1.1	151.7
8	-0.777511	-0.777511	0.000000	1206.837933	0.002224	0.002224	1.1	154.1
9	-0.800380	-0.800380	0.000000	1206.837933	0.002055	0.002055	1.2	154.4
10	-0.795707	-0.795707	0.000000	1206.837933	0.001897	0.001897	1.0	152.9
11	-0.819192	-0.819192	0.000000	1206.837933	0.001380	0.001380	1.1	152.4
12	-0.818867	-0.818867	0.000000	1206.837933	0.001773	0.001773	1.2	153.3
13	-0.796229	-0.796229	0.000000	1206.837933	0.001897	0.001897	1.1	152.8
14	-0.819217	-0.819217	0.000000	1206.837933	0.001544	0.001544	1.1	152.4
15	-0.810403	-0.810403	0.000000	1206.837933	0.001606	0.001606	1.5	151.5
16	-0.823883	-0.823883	0.000000	1206.837933	0.001551	0.001551	1.2	154.0
17	-0.815177	-0.815177	0.000000	1206.837933	0.001770	0.001770	1.1	157.9
18	-0.823532	-0.823532	0.000000	1206.837933	0.001488	0.001488	1.3	152.3
19	-0.826635	-0.826635	0.000000	1206.837933	0.001751	0.001751	1.0	151.4
20	-0.830366	-0.830366	0.000000	1206.837933	0.001311	0.001311	1.1	151.0
21	-0.826381	-0.826381	0.000000	1206.837933	0.002373	0.002373	1.1	153.4
22	-0.816467	-0.816467	0.000000	1206.837933	0.001218	0.001218	1.1	153.3
23	-0.840131	-0.840131	0.000000	1206.837933	0.001187	0.001187	1.1	151.5
24	-0.819072	-0.819072	0.000000	1206.837933	0.001715	0.001715	1.1	150.5
25	-0.815736	-0.815736	0.000000	1206.837933	0.001859	0.001859	1.5	152.0
26	-0.810049	-0.810049	0.000000	1206.837933	0.001703	0.001703	1.1	151.3
27	-0.838789	-0.838789	0.000000	1206.837933	0.001666	0.001666	1.0	150.5
28	-0.835045	-0.835045	0.000000	1206.837933	0.001423	0.001423	1.1	151.0
29	-0.841905	-0.841905	0.000000	1206.837933	0.001674	0.001674	1.1	153.0
30	-0.830262	-0.830262	0.000000	1206.837933	0.001928	0.001928	1.1	152.5
31	-0.827097	-0.827097	0.000000	1206.837933	0.001412	0.001412	1.1	151.3
32	-0.838026	-0.838026	0.000000	1206.837933	0.001522	0.001522	1.0	151.0
33	-0.850820	-0.850820	0.000000	1206.837933	0.001663	0.001663	1.1	150.7
34	-0.865037	-0.865037	0.000000	1206.837933	0.001573	0.001573	1.1	150.8
35	-0.832533	-0.832533	0.000000	1206.837933	0.001546	0.001546	1.1	152.5
36	-0.851828	-0.851828	0.000000	1206.837933	0.001718	0.001718	1.0	150.2
37	-0.838045	-0.838045	0.000000	1206.837933	0.001843	0.001843	1.1	149.3
38	-0.863821	-0.863821	0.000000	1206.837933	0.000981	0.000981	1.1	149.5
39	-0.839448	-0.839448	0.000000	1206.837933	0.001439	0.001439	1.1	151.7
40	-0.862263	-0.862263	0.000000	1206.837933	0.001647	0.001647	1.1	150.8
41	-0.848562	-0.848562	0.000000	1206.837933	0.001320	0.001320	1.2	150.2
42	-0.866102	-0.866102	0.000000	1206.837933	0.001264	0.001264	1.1	153.0
43	-0.854386	-0.854386	0.000000	1206.837933	0.001081	0.001081	1.2	151.6
44	-0.860362	-0.860362	0.000000	1206.837933	0.001509	0.001509	1.1	150.7
45	-0.849705	-0.849705	0.000000	1206.837933	0.001578	0.001578	1.2	151.5
46	-0.856145	-0.856145	0.000000	1206.837933	0.001282	0.001282	1.1	150.1
47	-0.864385	-0.864385	0.000000	1206.837933	0.001469	0.001469	1.1	149.4
48	-0.856800	-0.856800	0.000000	1206.837933	0.001549	0.001549	1.4	153.7
49	-0.867633	-0.867633	0.000000	1206.837933	0.001518	0.001518	1.1	152.0
50	-0.859535	-0.859535	0.000000	1206.837933	0.001750	0.001750	1.0	150.6
51	-0.854661	-0.854661	0.000000	1206.837933	0.001351	0.001351	1.0	150.9
52	-0.862017	-0.862017	0.000000	1206.837933	0.001143	0.001143	1.0	151.2
53	-0.891112	-0.891112	0.000000	1206.837933	0.001034	0.001034	1.0	151.0
54	-0.876502	-0.876502	0.000000	1206.837933	0.001191	0.001191	1.1	150.9
55	-0.863806	-0.863806	0.000000	1206.837933	0.001252	0.001252	1.1	152.9
56	-0.857091	-0.857091	0.000000	1206.837933	0.001360	0.001360	1.3	151.7
57	-0.882367	-0.882367	0.000000	1206.837933	0.001283	0.001283	1.1	151.2
58	-0.893156	-0.893156	0.000000	1206.837933	0.001182	0.001182	1.1	164.6
59	-0.876045	-0.876045	0.000000	1206.837933	0.001680	0.001680	1.1	150.6
60	-0.868381	-0.868381	0.000000	1206.837933	0.001476	0.001476	1.1	151.2
61	-0.872416	-0.872416	0.000000	1206.837933	0.001877	0.001877	1.5	153.3
62	-0.862568	-0.862568	0.000000	1206.837933	0.001577	0.001577	1.1	152.2
63	-0.870586	-0.870586	0.000000	1206.837933	0.001732	0.001732	1.1	151.6
64	-0.887017	-0.887017	0.000000	1206.837933	0.001026	0.001026	1.0	150.5
65	-0.884419	-0.884419	0.789788	1163.095125	0.000969	0.000969	1.1	150.9
66	-0.875089	-0.875089	0.546014	1176.254526	0.001382	0.001382	1.0	150.4
67	-0.893463	-0.893463	0.302233	1189.715485	0.001724	0.001724	1.1	150.4
68	-0.888484	-0.888484	0.058452	1203.488120	0.001054	0.001054	1.1	152.2
69	-0.897104	-0.897104	0.000000	1206.837933	0.001095	0.001095	1.1	151.0
70	-0.874396	-0.874396	0.000000	1206.837933	0.001780	0.001780	1.1	152.5
71	-0.884724	-0.884724	0.000000	1206.837933	0.001294	0.001294	1.1	151.2
72	-0.898967	-0.898967	0.000000	1206.837933	0.000955	0.000955	1.1	151.6
73	-0.886681	-0.886681	0.000000	1206.837933	0.000879	0.000879	1.0	150.6
74	-0.894443	-0.894443	0.000000	1206.837933	0.001211	0.001211	1.1	152.3
75	-0.877585	-0.877585	0.000000	1206.837933	0.001264	0.001264	1.1	153.0
76	-0.879210	-0.879210	0.000000	1206.837933	0.001347	0.001347	1.1	149.7
77	-0.880602	-0.880602	0.000000	1206.837933	0.001305	0.001305	1.0	150.4
78	-0.905628	-0.905628	0.000000	1206.837933	0.000890	0.000890	1.1	151.6
79	-0.903825	-0.903825	0.000000	1206.837933	0.001002	0.001002	1.1	152.6
80	-0.891709	-0.891709	0.000000	1206.837933	0.001039	0.001039	1.1	150.7
81	-0.888921	-0.888921	0.000000	1206.837933	0.001529	0.001529	1.5	151.7
82	-0.885758	-0.885758	0.000000	1206.837933	0.001287	0.001287	1.0	150.9
83	-0.901884	-0.901884	0.000000	1206.837933	0.001325	0.001325	1.0	151.8
84	-0.905926	-0.905926	0.000000	1206.837933	0.001604	0.001604	1.1	150.9
85	-0.899242	-0.899242	0.000000	1206.837933	0.001361	0.001361	1.1	149.7
86	-0.879946	-0.879946	0.000000	1206.837933	0.001304	0.001304	1.1	150.9
87	-0.910888	-0.910888	0.000000	1206.837933	0.001153	0.001153	1.3	151.7
88	-0.908584	-0.908584	0.000000	1206.837933	0.001069	0.001069	1.0	152.6
89	-0.904667	-0.904667	0.000000	1206.837933	0.001154	0.001154	1.0	151.0
90	-0.906585	-0.906585	0.000000	1206.837933	0.001290	0.001290	1.1	150.3
91	-0.903536	-0.903536	0.000000	1206.837933	0.001357	0.001357	1.1	150.9
92	-0.915081	-0.915081	0.000000	1206.837933	0.001327	0.001327	1.1	152.2
93	-0.920177	-0.920177	0.000000	1206.837933	0.000925	0.000925	1.1	150.1
94	-0.907550	-0.907550	0.000000	1206.837933	0.001740	0.001740	1.0	150.3
95	-0.905632	-0.905632	0.000000	1206.837933	0.001105	0.001105	1.2	151.7
96	-0.910355	-0.910355	0.000000	1206.837933	0.001257	0.001257	1.0	152.8
97	-0.911531	-0.911531	0.000000	1206.837933	0.001163	0.001163	1.0	150.2
98	-0.918674	-0.918674	0.000000	1206.837933	0.001112	0.001112	1.1	150.3
99	-0.908709	-0.908709	0.000000	1206.837933	0.001663	0.001663	1.1	150.0
100	-0.913235	-0.913235	0.000000	1206.837933	0.000959	0.000959	1.1	150.1
101	-0.903359	-0.903359	0.000000	1206.837933	0.001003	0.001003	1.1	153.6
102	-0.913932	-0.913932	0.000000	1206.837933	0.001069	0.001069	1.1	150.1
103	-0.930451	-0.930451	0.000000	1206.837933	0.001207	0.001207	1.0	153.3
104	-0.921751	-0.921751	0.000000	1206.837933	0.001176	0.001176	1.0	150.7
105	-0.920423	-0.920423	0.000000	1206.837933	0.001393	0.001393	1.0	150.8
106	-0.909474	-0.909474	0.000000	1206.837933	0.001295	0.001295	1.0	144.8
107	-0.929602	-0.929602	0.000000	1206.837933	0.001263	0.001263	1.3	147.9
108	-0.921049	-0.921049	0.000000	1206.837933	0.001222	0.001222	1.0	146.3
109	-0.927584	-0.927584	0.000000	1206.837933	0.001137	0.001137	1.5	148.4
110	-0.916169	-0.916169	0.000000	1206.837933	0.001164	0.001164	1.4	149.3
111	-0.929042	-0.929042	0.000000	1206.837933	0.001287	0.001287	1.1	143.6
112	-0.921656	-0.921656	0.965340	1153.799399	0.001074	0.001074	1.0	145.8
113	-0.927259	-0.927259	0.726259	1166.496115	0.001392	0.001392	1.0	149.5
114	-0.921904	-0.921904	0.482478	1179.733411	0.001450	0.001450	1.2	149.3
115	-0.930267	-0.930267	0.238696	1193.274587	0.000886	0.000886	1.4	151.2
116	-0.935333	-0.935333	0.000000	1206.837933	0.001250	0.001250	1.0	149.5
117	-0.925417	-0.925417	0.000000	1206.837933	0.000937	0.000937	1.1	149.4
118	-0.928817	-0.928817	0.000000	1206.837933	0.001277	0.001277	1.1	148.2
119	-0.930723	-0.930723	0.000000	1206.837933	0.001500	0.001500	1.0	151.3
120	-0.924310	-0.924310	0.000000	1206.837933	0.001245	0.001245	1.0	149.9
121	-0.920741	-0.920741	0.000000	1206.837933	0.001204	0.001204	1.0	151.4
122	-0.925885	-0.925885	0.000000	1206.837933	0.001749	0.001749	1.1	150.7
123	-0.941585	-0.941585	0.000000	1206.837933	0.001141	0.001141	1.1	152.5
124	-0.947480	-0.947480	0.000000	1206.837933	0.001322	0.001322	1.0	150.4
125	-0.934262	-0.934262	0.000000	1206.837933	0.001216	0.001216	1.0	146.2
126	-0.941164	-0.941164	0.000000	1206.837933	0.001097	0.001097	1.0	148.3
127	-0.936023	-0.936023	0.000000	1206.837933	0.000964	0.000964	1.2	149.7
128	-0.934636	-0.934636	0.000000	1206.837933	0.000956	0.000956	1.1	154.1
129	-0.925531	-0.925531	0.000000	1206.837933	0.001112	0.001112	1.1	150.8
130	-0.935078	-0.935078	0.000000	1206.837933	0.001273	0.001273	1.3	149.7
131	-0.939754	-0.939754	0.000000	1206.837933	0.001388	0.001388	1.0	150.0
132	-0.937684	-0.937684	0.000000	1206.837933	0.001486	0.001486	1.1	152.4
133	-0.947274	-0.947274	0.000000	1206.837933	0.001043	0.001043	1.3	148.3
134	-0.936156	-0.936156	0.000000	1206.837933	0.001690	0.001690	1.0	149.5
135	-0.952490	-0.952490	0.000000	1206.837933	0.001206	0.001206	1.0	150.7
136	-0.944686	-0.944686	0.000000	1206.837933	0.001343	0.001343	1.1	148.9
137	-0.956250	-0.956250	0.000000	1206.837933	0.001389	0.001389	1.0	149.6
138	-0.940634	-0.940634	0.000000	1206.837933	0.001721	0.001721	1.0	148.7
139	-0.952738	-0.952738	0.000000	1206.837933	0.001352	0.001352	1.3	150.5
140	-0.948397	-0.948397	0.000000	1206.837933	0.001350	0.001350	1.1	149.5
141	-0.955716	-0.955716	0.000000	1206.837933	0.001383	0.001383	1.0	152.9
142	-0.964203	-0.964203	0.000000	1206.837933	0.001349	0.001349	1.1	151.7
143	-0.947970	-0.947970	0.000000	1206.837933	0.001469	0.001469	1.1	150.4
144	-0.961735	-0.961735	0.000000	1206.837933	0.001504	0.001504	1.1	150.1
145	-0.944926	-0.944926	0.000000	1206.837933	0.001192	0.001192	1.1	151.5
146	-0.954292	-0.954292	0.000000	1206.837933	0.001281	0.001281	1.1	150.6
147	-0.956030	-0.956030	0.000000	1206.837933	0.001531	0.001531	1.1	151.5
148	-0.961631	-0.961631	0.000000	1206.837933	0.001236	0.001236	1.1	152.2
149	-0.955808	-0.955808	0.000000	1206.837933	0.001329	0.001329	1.1	150.1
150	-0.967752	-0.967752	0.000000	1206.837933	0.001098	0.001098	1.0	151.7
151	-0.966104	-0.966104	0.000000	1206.837933	0.001383	0.001383	1.1	150.8
152	-0.961477	-0.961477	0.000000	1206.837933	0.001241	0.001241	1.1	150.6
153	-0.964233	-0.964233	0.000000	1206.837933	0.001565	0.001565	1.1	150.3
154	-0.969147	-0.969147	0.000000	1206.837933	0.001272	0.001272	1.5	152.7
155	-0.970465	-0.970465	0.000000	1206.837933	0.000963	0.000963	1.1	152.8
156	-0.975234	-0.975234	0.000000	1206.837933	0.001423	0.001423	1.1	149.7
157	-0.976365	-0.976365	0.000000	1206.837933	0.000991	0.000991	1.1	151.0
158	-0.973724	-0.973724	0.000000	1206.837933	0.000885	0.000885	1.5	151.7
159	-0.967929	-0.967929	0.000000	1206.837933	0.001697	0.001697	1.2	151.5
160	-0.973147	-0.973147	0.000000	1206.837933	0.000975	0.000975	1.1	150.5
161	-0.974225	-0.974225	0.000000	1206.837933	0.001187	0.001187	1.1	152.0
162	-0.973284	-0.973284	0.000000	1206.837933	0.000914	0.000914	1.1	149.6
163	-0.978436	-0.978436	0.000000	1206.837933	0.000810	0.000810	1.1	152.3
164	-0.975607	-0.975607	0.000000	1206.837933	0.001022	0.001022	1.1	150.3
165	-0.974319	-0.974319	0.000000	1206.837933	0.001357	0.001357	1.3	150.6
166	-0.976687	-0.976687	0.000000	1206.837933	0.000996	0.000996	1.3	151.1
167	-0.979455	-0.979455	0.000000	1206.837933	0.000883	0.000883	1.1	150.9
168	-0.981646	-0.981646	0.000000	1206.837933	0.000889	0.000889	1.1	152.1
169	-0.980723	-0.980723	0.000000	1206.837933	0.000837	0.000837	1.1	151.0
170	-0.988160	-0.988160	0.000000	1206.837933	0.000850	0.000850	1.1	150.6
171	-0.985349	-0.985349	0.000000	1206.837933	0.001003	0.001003	1.1	151.6
172	-0.984521	-0.984521	0.005523	1206.520645	0.001324	0.001324	1.1	152.8
173	-0.980037	-0.980037	0.000000	1206.837933	0.000924	0.000924	1.0	151.2
174	-0.978532	-0.978532	0.000000	1206.837933	0.000888	0.000888	1.1	151.6
175	-0.981874	-0.981874	0.000000	1206.837933	0.000804	0.000804	1.1	151.2
176	-0.985585	-0.985585	0.000000	1206.837933	0.000780	0.000780	1.2	153.6
177	-0.985937	-0.985937	0.000000	1206.837933	0.001381	0.001381	1.1	152.5
178	-0.986387	-0.986387	0.000000	1206.837933	0.000752	0.000752	1.3	152.4
179	-0.980748	-0.980748	0.000000	1206.837933	0.001089	0.001089	1.0	150.9
180	-0.979144	-0.979144	0.000000	1206.837933	0.001070	0.001070	1.0	149.3
181	-0.982209	-0.982209	0.000000	1206.837933	0.001381	0.001381	1.2	152.0
182	-0.989277	-0.989277	0.052486	1203.829187	0.000719	0.000719	1.1	150.3
183	-0.987642	-0.987642	0.000000	1206.837933	0.000802	0.000802	1.1	150.2
184	-0.985079	-0.985079	0.000000	1206.837933	0.001107	0.001107	1.1	149.9
185	-0.981315	-0.981315	0.000000	1206.837933	0.000934	0.000934	1.1	152.1
186	-0.986346	-0.986346	0.000000	1206.837933	0.000521	0.000521	1.0	150.5
187	-0.990649	-0.990649	0.000000	1206.837933	0.000453	0.000453	1.6	152.0
188	-0.981460	-0.981460	0.000000	1206.837933	0.000754	0.000754	1.1	152.4
189	-0.985307	-0.985307	0.000000	1206.837933	0.000704	0.000704	1.1	151.1
190	-0.989975	-0.989975	0.000000	1206.837933	0.000705	0.000705	1.0	151.3
191	-0.983518	-0.983518	0.181573	1196.492631	0.000633	0.000633	1.0	150.2
192	-0.983421	-0.983421	0.136244	1199.058691	0.000993	0.000993	1.1	150.4
193	-0.987729	-0.987729	0.000000	1206.837933	0.000609	0.000609	1.1	151.3
194	-0.980267	-0.980267	0.000000	1206.837933	0.000679	0.000679	1.1	154.7
195	-0.988972	-0.988972	0.000000	1206.837933	0.000662	0.000662	1.1	151.6
196	-0.986847	-0.986847	0.000000	1206.837933	0.000477	0.000477	1.0	149.8
197	-0.987364	-0.987364	0.217414	1194.471516	0.000442	0.000442	1.1	151.4
198	-0.986713	-0.986713	0.008043	1206.375914	0.000782	0.000782	1.1	151.0
199	-0.986507	-0.986507	0.000000	1206.837933	0.000354	0.000354	1.1	149.5
200	-0.991715	-0.991715	0.000000	1206.837933	0.000643	0.000643	1.1	150.5
201	-0.987039	-0.987039	0.000000	1206.837933	0.001011	0.001011	1.1	151.1
202	-0.992813	-0.992813	0.000000	1206.837933	0.000415	0.000415	1.0	150.8
203	-0.991975	-0.991975	0.133072	1199.238640	0.000561	0.000561	1.1	152.1
204	-0.991367	-0.991367	0.000000	1206.837933	0.000532	0.000532	1.1	150.4
205	-0.987032	-0.987032	0.085805	1201.926944	0.000626	0.000626	1.1	150.9
206	-0.985814	-0.985814	0.000000	1206.837933	0.000816	0.000816	1.1	150.4
207	-0.990165	-0.990165	0.000000	1206.837933	0.000594	0.000594	1.5	152.6
208	-0.990355	-0.990355	0.000000	1206.837933	0.000750	0.000750	1.0	151.5
209	-0.991869	-0.991869	0.579653	1174.420945	0.000640	0.000640	1.1	150.8
210	-0.989290	-0.989290	1.298459	1136.562679	0.000495	0.000495	1.0	150.4
211	-0.990400	-0.990400	1.211127	1141.031567	0.000543	0.000543	1.5	151.0
212	-0.990371	-0.990371	1.006788	1151.626323	0.000633	0.000633	1.1	152.2
213	-0.991954	-0.991954	0.784017	1163.403254	0.000526	0.000526	1.1	149.5
214	-0.991445	-0.991445	0.861959	1159.255506	0.000322	0.000322	1.1	151.4
215	-0.991581	-0.991581	0.861660	1159.271347	0.000334	0.000334	0.9	143.2
216	-0.992275	-0.992275	0.662296	1169.940464	0.000512	0.000512	0.9	135.6
217	-0.983492	-0.983492	0.560621	1175.457612	0.000844	0.000844	1.2	135.5
218	-0.990420	-0.990420	0.372877	1185.783127	0.000563	0.000563	1.2	135.6
219	-0.985998	-0.985998	0.129598	1199.435825	0.000474	0.000474	1.3	132.8
220	-0.993010	-0.993010	0.002456	1206.696811	0.000555	0.000555	1.5	133.9
221	-0.992042	-0.992042	0.000000	1206.837933	0.000450	0.000450	1.2	139.1
222	-0.990962	-0.990962	0.000000	1206.837933	0.000731	0.000731	1.2	145.8
223	-0.991295	-0.991295	0.000000	1206.837933	0.000444	0.000444	0.9	136.2
224	-0.990841	-0.990841	0.000000	1206.837933	0.000500	0.000500	1.5	152.6
225	-0.988202	-0.988202	0.000000	1206.837933	0.000743	0.000743	1.2	148.3
226	-0.991883	-0.991883	0.000000	1206.837933	0.000485	0.000485	0.9	151.7
227	-0.993621	-0.993621	0.000000	1206.837933	0.000424	0.000424	1.0	130.3
228	-0.993309	-0.993309	0.000000	1206.837933	0.000558	0.000558	0.9	135.0
229	-0.990884	-0.990884	0.110175	1200.539370	0.000611	0.000611	1.0	130.2
230	-0.995192	-0.995192	0.041144	1204.478089	0.000384	0.000384	1.0	131.0
231	-0.994267	-0.994267	0.256646	1192.266941	0.000428	0.000428	0.9	133.1
232	-0.993491	-0.993491	0.289967	1190.400960	0.000647	0.000647	1.0	147.5
233	-0.993579	-0.993579	0.079735	1202.272994	0.000725	0.000725	0.9	133.4
234	-0.994398	-0.994398	0.000000	1206.837933	0.000489	0.000489	0.9	129.7
235	-0.988967	-0.988967	0.000000	1206.837933	0.000388	0.000388	1.3	131.8
236	-0.989733	-0.989733	0.000000	1206.837933	0.000464	0.000464	1.0	133.1
237	-0.993920	-0.993920	0.000000	1206.837933	0.000664	0.000664	1.1	132.4
238	-0.992509	-0.992509	0.191563	1195.928623	0.000550	0.000550	0.9	132.0
239	-0.995692	-0.995692	0.042305	1204.411618	0.000434	0.000434	1.0	132.8
240	-0.992397	-0.992397	0.000000	1206.837933	0.000417	0.000417	1.5	141.0
241	-0.994777	-0.994777	0.245726	1192.879767	0.000293	0.000293	1.1	146.4
242	-0.990776	-0.990776	0.057102	1203.565240	0.000438	0.000438	1.1	147.0
243	-0.993182	-0.993182	0.000000	1206.837933	0.000645	0.000645	1.1	149.6
244	-0.990893	-0.990893	0.000000	1206.837933	0.000647	0.000647	0.9	149.3
245	-0.991488	-0.991488	0.130882	1199.362927	0.000592	0.000592	1.0	143.4
246	-0.995048	-0.995048	0.000000	1206.837933	0.000296	0.000296	1.0	148.9
247	-0.992207	-0.992207	0.000000	1206.837933	0.000661	0.000661	1.1	151.9
248	-0.993982	-0.993982	0.000000	1206.837933	0.000313	0.000313	0.9	143.8
249	-0.989204	-0.989204	0.000000	1206.837933	0.000742	0.000742	1.5	153.0
250	-0.992799	-0.992799	0.000000	1206.837933	0.000464	0.000464	1.1	155.6
251	-0.995258	-0.995258	0.000000	1206.837933	0.000589	0.000589	1.1	154.0
252	-0.995059	-0.995059	0.000000	1206.837933	0.000504	0.000504	1.1	153.3
253	-0.990576	-0.990576	0.051232	1203.900868	0.000619	0.000619	1.3	148.0
254	-0.995029	-0.995029	0.084057	1202.026567	0.000558	0.000558	1.1	144.3
255	-0.992038	-0.992038	0.000000	1206.837933	0.000568	0.000568	1.0	153.7
256	-0.995412	-0.995412	0.147032	1198.446959	0.000280	0.000280	1.3	157.6
257	-0.995066	-0.995066	0.000000	1206.837933	0.000414	0.000414	1.4	153.7
258	-0.991005	-0.991005	0.000000	1206.837933	0.001006	0.001006	1.4	148.7
259	-0.993716	-0.993716	0.498998	1178.826852	0.000550	0.000550	1.3	160.1
260	-0.991933	-0.991933	1.415827	1130.611691	0.000882	0.000882	0.9	139.6
261	-0.994271	-0.994271	2.176224	1093.517077	0.000450	0.000450	1.0	133.4
262	-0.992578	-0.992578	1.958203	1103.901572	0.000357	0.000357	1.1	134.6
263	-0.994893	-0.994893	1.933524	1105.089506	0.000411	0.000411	0.8	136.5
264	-0.995430	-0.995430	1.772898	1112.884123	0.000355	0.000355	1.0	133.4
265	-0.989619	-0.989619	1.709392	1115.996253	0.000765	0.000765	1.0	129.6
266	-0.995644	-0.995644	1.516488	1125.557247	0.000249	0.000249	1.1	156.2
267	-0.995508	-0.995508	1.505496	1126.107010	0.000317	0.000317	1.1	151.5
268	-0.990729	-0.990729	1.401691	1131.325149	0.000505	0.000505	1.1	153.1
269	-0.993747	-0.993747	1.213690	1140.899909	0.000763	0.000763	1.1	151.4
270	-0.991875	-0.991875	0.994838	1152.252033	0.000639	0.000639	1.1	153.2
271	-0.991643	-0.991643	1.602434	1121.277304	0.000500	0.000500	1.1	151.7
272	-0.993302	-0.993302	1.468459	1127.963286	0.000338	0.000338	1.1	152.2
273	-0.991552	-0.991552	1.278608	1137.575395	0.000675	0.000675	1.1	151.9
274	-0.994040	-0.994040	1.065493	1148.562457	0.000386	0.000386	1.1	152.1
275	-0.996178	-0.996178	0.839527	1160.446246	0.000337	0.000337	1.0	151.3
276	-0.995905	-0.995905	0.686730	1168.622303	0.000373	0.000373	1.6	152.8
277	-0.994413	-0.994413	0.569310	1174.984109	0.000696	0.000696	1.1	152.9
278	-0.993854	-0.993854	0.698740	1167.975487	0.000530	0.000530	1.1	151.9
279	-0.994181	-0.994181	1.602961	1121.251175	0.000417	0.000417	1.1	151.5
280	-0.994755	-0.994755	1.372743	1132.788981	0.000650	0.000650	1.1	151.2
281	-0.991568	-0.991568	1.229192	1140.104256	0.000512	0.000512	1.1	152.9
282	-0.995002	-0.995002	1.120611	1145.700590	0.000338	0.000338	1.1	151.6
283	-0.994032	-0.994032	1.076358	1147.997167	0.000409	0.000409	1.1	153.5
284	-0.993425	-0.993425	0.874022	1158.616222	0.000455	0.000455	1.1	151.2
285	-0.994511	-0.994511	0.670248	1169.511157	0.000421	0.000421	1.1	152.3
286	-0.994460	-0.994460	0.675093	1169.249750	0.000424	0.000424	1.3	151.6
287	-0.994239	-0.994239	0.475323	1180.126423	0.000573	0.000573	1.2	150.5
288	-0.991918	-0.991918	0.756542	1164.872474	0.000369	0.000369	1.1	150.6
289	-0.994219	-0.994219	0.666371	1169.720424	0.000261	0.000261	1.1	152.1
290	-0.995231	-0.995231	0.538802	1176.648365	0.000376	0.000376	1.1	154.7
291	-0.995558	-0.995558	0.395677	1184.519506	0.000353	0.000353	1.1	151.1
292	-0.996269	-0.996269	0.384836	1185.120004	0.000371	0.000371	1.1	150.1
293	-0.992455	-0.992455	0.188157	1196.120835	0.000242	0.000242	1.1	152.1
294	-0.996520	-0.996520	0.072569	1202.681879	0.000292	0.000292	1.1	152.1
295	-0.995942	-0.995942	0.000000	1206.837933	0.000341	0.000341	1.1	150.6
296	-0.989971	-0.989971	0.000000	1206.837933	0.000577	0.000577	1.1	152.1
297	-0.995968	-0.995968	0.313332	1189.095927	0.000312	0.000312	1.1	151.1
298	-0.995404	-0.995404	0.269515	1191.545579	0.000306	0.000306	1.3	150.7
299	-0.995150	-0.995150	0.250691	1192.601048	0.000420	0.000420	1.0	152.1
300	-0.995278	-0.995278	0.108002	1200.662976	0.000467	0.000467	1.0	150.7
301	-0.995729	-0.995729	0.248454	1192.726626	0.000322	0.000322	1.2	151.7
302	-0.995133	-0.995133	0.406186	1183.937981	0.000528	0.000528	1.1	150.4
303	-0.996106	-0.996106	0.226624	1193.953256	0.000361	0.000361	1.1	154.4
304	-0.996740	-0.996740	0.079148	1202.306473	0.000325	0.000325	1.1	151.4
305	-0.996363	-0.996363	0.066770	1203.012944	0.000303	0.000303	1.1	150.8
306	-0.993837	-0.993837	0.000000	1206.837933	0.000326	0.000326	1.1	150.4
307	-0.993816	-0.993816	0.000000	1206.837933	0.000419	0.000419	1.3	152.1
308	-0.994934	-0.994934	0.018593	1205.770361	0.000207	0.000207	1.1	151.8
309	-0.996182	-0.996182	0.000000	1206.837933	0.000310	0.000310	1.6	151.4
310	-0.996095	-0.996095	0.000796	1206.792163	0.000324	0.000324	1.1	152.0
311	-0.996297	-0.996297	0.061593	1203.308636	0.000352	0.000352	1.1	151.2
312	-0.995284	-0.995284	0.000000	1206.837933	0.000457	0.000457	1.1	165.3
313	-0.997420	-0.997420	0.232472	1193.624391	0.000234	0.000234	1.4	151.8
314	-0.995806	-0.995806	0.339369	1187.645103	0.000366	0.000366	1.1	151.9
315	-0.995930	-0.995930	0.410287	1183.711202	0.000338	0.000338	1.3	151.5
316	-0.994397	-0.994397	0.373906	1185.726039	0.000969	0.000969	1.2	154.1
317	-0.996174	-0.996174	0.549420	1176.068607	0.000374	0.000374	1.1	151.1
318	-0.996479	-0.996479	0.305926	1189.509251	0.000337	0.000337	1.0	151.4
319	-0.995531	-0.995531	0.491696	1179.227396	0.000337	0.000337	1.1	151.5
320	-0.995885	-0.995885	0.286998	1190.566968	0.000185	0.000185	1.1	152.3
321	-0.996741	-0.996741	0.197215	1195.609742	0.000244	0.000244	1.0	151.6
322	-0.995913	-0.995913	0.216215	1194.539013	0.000355	0.000355	1.5	151.5
323	-0.993361	-0.993361	0.027297	1205.271264	0.000496	0.000496	1.1	152.1
324	-0.994050	-0.994050	0.042814	1204.382459	0.000468	0.000468	1.1	151.9
325	-0.994760	-0.994760	0.000000	1206.837933	0.000305	0.000305	1.1	151.9
326	-0.996154	-0.996154	0.000000	1206.837933	0.000303	0.000303	1.1	150.4
327	-0.996533	-0.996533	0.012280	1206.132634	0.000246	0.000246	1.2	151.7
328	-0.995700	-0.995700	0.000000	1206.837933	0.000355	0.000355	1.1	151.8
329	-0.996443	-0.996443	0.000000	1206.837933	0.000346	0.000346	1.2	154.5
330	-0.994794	-0.994794	0.000000	1206.837933	0.000694	0.000694	1.1	151.8
331	-0.995921	-0.995921	0.080346	1202.238169	0.000324	0.000324	1.1	150.8
332	-0.994356	-0.994356	0.461593	1180.881402	0.000237	0.000237	1.1	151.9
333	-0.993710	-0.993710	0.435758	1182.304636	0.000677	0.000677	1.1	150.9
334	-0.996287	-0.996287	0.496600	1178.958387	0.000263	0.000263	1.1	152.1
335	-0.996366	-0.996366	0.261818	1191.976919	0.000300	0.000300	1.0	150.8
336	-0.996694	-0.996694	0.240460	1193.175528	0.000198	0.000198	1.1	151.5
337	-0.997114	-0.997114	0.160855	1197.664090	0.000296	0.000296	1.1	149.6
338	-0.996683	-0.996683	0.055704	1203.645150	0.000190	0.000190	1.1	151.8
339	-0.995796	-0.995796	0.000000	1206.837933	0.000417	0.000417	1.1	151.0
340	-0.996749	-0.996749	0.000000	1206.837933	0.000236	0.000236	1.0	149.9
341	-0.996040	-0.996040	0.010240	1206.249765	0.000358	0.000358	1.0	150.6
342	-0.995320	-0.995320	0.167561	1197.284696	0.000338	0.000338	1.5	151.7
343	-0.995557	-0.995557	0.118745	1200.052211	0.000324	0.000324	1.1	152.8
344	-0.995916	-0.995916	0.131306	1199.338888	0.000406	0.000406	1.1	150.6
345	-0.994867	-0.994867	0.042264	1204.413969	0.000413	0.000413	1.0	150.0
346	-0.996665	-0.996665	0.000000	1206.837933	0.000267	0.000267	1.1	151.1
347	-0.996913	-0.996913	0.154940	1197.998961	0.000232	0.000232	1.1	151.8
348	-0.996169	-0.996169	0.062054	1203.282290	0.000326	0.000326	1.1	150.9
349	-0.996492	-0.996492	0.000000	1206.837933	0.000418	0.000418	1.1	151.8
350	-0.996699	-0.996699	0.000000	1206.837933	0.000414	0.000414	1.0	150.7
351	-0.995728	-0.995728	0.000000	1206.837933	0.000237	0.000237	1.7	151.4
352	-0.996321	-0.996321	0.002534	1206.692326	0.000301	0.000301	1.2	150.9
353	-0.995386	-0.995386	0.007294	1206.418879	0.000540	0.000540	1.3	151.3
354	-0.996930	-0.996930	0.490924	1179.269762	0.000304	0.000304	1.1	151.1
355	-0.996092	-0.996092	0.472688	1180.271281	0.000251	0.000251	1.1	151.1
356	-0.995845	-0.995845	0.459366	1181.003961	0.000463	0.000463	1.1	153.8
357	-0.996203	-0.996203	0.346182	1187.266006	0.000316	0.000316	1.1	150.8
358	-0.993647	-0.993647	0.172956	1196.979601	0.000581	0.000581	1.1	151.8
359	-0.996995	-0.996995	0.404032	1184.057131	0.000179	0.000179	1.1	150.4
360	-0.995044	-0.995044	0.583077	1174.234654	0.000279	0.000279	1.1	151.9
361	-0.994068	-0.994068	0.589639	1173.877727	0.000963	0.000963	1.1	151.5
362	-0.997330	-0.997330	0.594845	1173.594745	0.000278	0.000278	1.1	152.4
363	-0.996955	-0.996955	1.062571	1148.714550	0.000284	0.000284	1.1	149.7
364	-0.997350	-0.997350	0.925444	1155.898904	0.000157	0.000157	1.1	150.6
365	-0.995720	-0.995720	0.924147	1155.967275	0.000434	0.000434	1.1	153.4
366	-0.996313	-0.996313	0.861862	1159.260658	0.000440	0.000440	1.2	150.2
367	-0.997067	-0.997067	0.690662	1168.410446	0.000271	0.000271	1.1	152.4
368	-0.996177	-0.996177	0.581537	1174.318403	0.000305	0.000305	1.0	150.2
369	-0.996511	-0.996511	0.445899	1181.745575	0.000495	0.000495	1.3	153.6
370	-0.996099	-0.996099	0.342701	1187.459669	0.000474	0.000474	1.0	149.8
371	-0.996699	-0.996699	0.136713	1199.032084	0.000396	0.000396	1.1	150.3
372	-0.995138	-0.995138	0.327475	1188.307437	0.000269	0.000269	1.2	151.8
373	-0.995551	-0.995551	0.301595	1189.751097	0.000473	0.000473	2.0	152.3
374	-0.996098	-0.996098	0.133187	1199.232131	0.000312	0.000312	1.1	150.7
375	-0.997215	-0.997215	0.228497	1193.847916	0.000344	0.000344	1.1	151.4
376	-0.995996	-0.995996	0.157470	1197.855702	0.000365	0.000365	1.1	150.8
377	-0.996745	-0.996745	0.040168	1204.533959	0.000291	0.000291	1.1	152.1
378	-0.997082	-0.997082	0.000000	1206.837933	0.000282	0.000282	1.0	151.2
379	-0.997029	-0.997029	0.000000	1206.837933	0.000234	0.000234	1.5	151.5
380	-0.995813	-0.995813	0.000000	1206.837933	0.000471	0.000471	1.0	150.5
381	-0.996390	-0.996390	0.397222	1184.433996	0.000241	0.000241	1.0	131.1
382	-0.996465	-0.996465	0.615769	1172.458722	0.000219	0.000219	0.9	132.9
383	-0.995803	-0.995803	0.561270	1175.422277	0.000290	0.000290	0.9	133.8
384	-0.996293	-0.996293	0.581217	1174.335848	0.000339	0.000339	1.0	133.3
385	-0.996612	-0.996612	0.411659	1183.635350	0.000264	0.000264	0.8	131.8
386	-0.995111	-0.995111	0.739766	1165.771339	0.000426	0.000426	1.1	148.2
387	-0.994742	-0.994742	0.900915	1157.193491	0.000893	0.000893	1.1	151.1
388	-0.995779	-0.995779	0.657741	1170.186540	0.000381	0.000381	1.1	151.5
389	-0.997186	-0.997186	1.629682	1119.927210	0.000188	0.000188	1.1	152.4
390	-0.996473	-0.996473	1.489622	1126.901844	0.000167	0.000167	1.1	151.0
391	-0.995381	-0.995381	1.428417	1129.977049	0.000358	0.000358	1.1	150.7
392	-0.997083	-0.997083	1.494030	1126.681038	0.000267	0.000267	1.1	151.7
393	-0.996253	-0.996253	1.606959	1121.052908	0.000337	0.000337	1.1	149.8
394	-0.997473	-0.997473	1.447326	1129.025181	0.000182	0.000182	1.1	150.7
395	-0.997148	-0.997148	1.382381	1132.301188	0.000226	0.000226	1.1	151.0
396	-0.997431	-0.997431	1.310933	1135.927217	0.000222	0.000222	1.1	153.5
397	-0.995331	-0.995331	1.254938	1138.785335	0.000570	0.000570	1.1	150.1
398	-0.996620	-0.996620	1.469719	1127.900031	0.000216	0.000216	1.1	150.3
399	-0.997994	-0.997994	1.420308	1130.385731	0.000158	0.000158	1.0	149.8
400	-0.996372	-0.996372	1.422441	1130.278194	0.000391	0.000391	1.1	151.5
401	-0.996021	-0.996021	1.502733	1126.245252	0.000671	0.000671	1.1	151.8
402	-0.996986	-0.996986	1.315030	1135.718669	0.000237	0.000237	1.5	152.1
403	-0.997079	-0.997079	1.841879	1109.523284	0.000219	0.000219	1.1	151.2
404	-0.995976	-0.995976	1.748786	1114.063672	0.000263	0.000263	1.1	150.6
405	-0.996707	-0.996707	1.743632	1114.316174	0.000318	0.000318	1.1	151.7
406	-0.997412	-0.997412	1.773241	1112.867381	0.000229	0.000229	1.0	150.8
407	-0.997110	-0.997110	1.876724	1107.833307	0.000169	0.000169	1.1	151.3
408	-0.997182	-0.997182	1.864913	1108.405555	0.000166	0.000166	1.1	151.7
409	-0.996899	-0.996899	1.811951	1110.978927	0.000242	0.000242	1.1	152.8
410	-0.996947	-0.996947	1.809088	1111.118386	0.000276	0.000276	1.1	150.6
411	-0.996015	-0.996015	1.752082	1113.902319	0.000416	0.000416	1.2	150.5
412	-0.995576	-0.995576	1.727697	1115.097441	0.000243	0.000243	1.2	150.3
413	-0.996710	-0.996710	1.755534	1113.733319	0.000432	0.000432	1.2	149.9
414	-0.997809	-0.997809	1.686804	1117.107390	0.000178	0.000178	1.2	151.6
415	-0.997024	-0.997024	1.679982	1117.443434	0.000311	0.000311	1.0	150.1
416	-0.997307	-0.997307	1.593927	1121.699497	0.000225	0.000225	1.1	152.8
417	-0.997063	-0.997063	1.592113	1121.789585	0.000243	0.000243	1.1	150.6
418	-0.997365	-0.997365	1.583744	1122.205286	0.000186	0.000186	1.1	151.9
419	-0.997500	-0.997500	1.578108	1122.485409	0.000296	0.000296	1.0	150.8
420	-0.996799	-0.996799	1.574997	1122.640081	0.000346	0.000346	1.1	150.6
421	-0.996636	-0.996636	1.371715	1132.841041	0.000311	0.000311	1.2	150.9
422	-0.997216	-0.997216	1.577723	1122.504528	0.000394	0.000394	1.1	151.9
423	-0.997518	-0.997518	1.574681	1122.655824	0.000190	0.000190	1.1	151.5
424	-0.996771	-0.996771	1.452699	1128.755015	0.000329	0.000329	1.0	150.1
425	-0.997087	-0.997087	1.605240	1121.138116	0.000219	0.000219	1.1	149.9
426	-0.997789	-0.997789	1.553863	1123.692059	0.000156	0.000156	1.1	150.7
427	-0.997961	-0.997961	1.550425	1123.863364	0.000163	0.000163	1.1	151.5
428	-0.997277	-0.997277	1.532143	1124.775231	0.000347	0.000347	1.1	150.3
429	-0.998137	-0.998137	1.517346	1125.514389	0.000149	0.000149	1.1	152.7
430	-0.997245	-0.997245	1.517348	1125.514280	0.000166	0.000166	1.1	150.7
431	-0.996929	-0.996929	1.504769	1126.143399	0.000268	0.000268	1.1	149.9
432	-0.996759	-0.996759	1.415188	1130.643937	0.000419	0.000419	1.1	151.7
433	-0.997790	-0.997790	1.346300	1134.129449	0.000152	0.000152	1.1	150.0
434	-0.996972	-0.996972	1.307799	1136.086824	0.000369	0.000369	1.1	150.5
435	-0.997504	-0.997504	1.487116	1127.027423	0.000245	0.000245	1.6	152.4
436	-0.997162	-0.997162	1.290978	1136.944110	0.000235	0.000235	1.1	152.7
437	-0.996205	-0.996205	1.408707	1130.970943	0.000357	0.000357	1.1	150.4
438	-0.996486	-0.996486	1.675257	1117.676275	0.000631	0.000631	1.1	153.5
439	-0.997376	-0.997376	1.993850	1102.190218	0.000175	0.000175	1.0	150.8
440	-0.997585	-0.997585	1.886336	1107.368014	0.000446	0.000446	1.1	151.8
441	-0.997979	-0.997979	1.970552	1103.308129	0.000166	0.000166	1.1	150.9
442	-0.997207	-0.997207	1.936442	1104.948887	0.000344	0.000344	1.1	152.1
443	-0.997075	-0.997075	1.915691	1105.949461	0.000282	0.000282	1.1	149.4
444	-0.997609	-0.997609	2.178766	1093.397161	0.000216	0.000216	1.1	150.4
445	-0.997842	-0.997842	2.092242	1097.493965	0.000223	0.000223	1.1	152.5
446	-0.997488	-0.997488	2.069277	1098.586521	0.000239	0.000239	1.0	150.4
447	-0.997566	-0.997566	2.121955	1096.083663	0.000201	0.000201	1.1	150.4
448	-0.996317	-0.996317	2.158790	1094.340271	0.000389	0.000389	1.1	151.3
449	-0.997661	-0.997661	2.214745	1091.702539	0.000137	0.000137	1.1	153.8
450	-0.997078	-0.997078	2.231786	1090.901761	0.000256	0.000256	1.1	150.5
451	-0.998077	-0.998077	2.201802	1092.311554	0.000112	0.000112	1.3	150.5
452	-0.997675	-0.997675	2.195055	1092.629294	0.000230	0.000230	1.3	150.7
453	-0.997612	-0.997612	2.194271	1092.666248	0.000263	0.000263	1.3	150.7
454	-0.997758	-0.997758	2.071781	1098.467295	0.000242	0.000242	1.1	151.2
455	-0.997687	-0.997687	2.088629	1097.665715	0.000240	0.000240	1.1	152.3
456	-0.997317	-0.997317	1.969367	1103.365047	0.000342	0.000342	1.1	150.3
457	-0.996431	-0.996431	2.152773	1094.624651	0.000356	0.000356	1.1	150.1
458	-0.997838	-0.997838	1.944011	1104.584374	0.000325	0.000325	1.1	165.6
459	-0.997422	-0.997422	1.881894	1107.582991	0.000449	0.000449	1.0	150.7
460	-0.997332	-0.997332	2.545990	1076.344508	0.000236	0.000236	1.1	150.6
461	-0.997990	-0.997990	2.360502	1084.890941	0.000160	0.000160	1.1	151.4
462	-0.997701	-0.997701	2.396703	1083.212293	0.000172	0.000172	1.2	153.9
463	-0.997370	-0.997370	2.367650	1084.559049	0.000200	0.000200	1.1	152.4
464	-0.997442	-0.997442	2.337614	1085.954923	0.000256	0.000256	1.1	150.6
465	-0.997777	-0.997777	2.232956	1090.846814	0.000173	0.000173	1.0	151.3
466	-0.997799	-0.997799	2.243995	1090.328788	0.000181	0.000181	1.2	151.9
467	-0.997499	-0.997499	2.220690	1091.423065	0.000147	0.000147	1.2	151.6
468	-0.997729	-0.997729	2.201496	1092.325965	0.000246	0.000246	1.1	152.3
469	-0.997356	-0.997356	2.117905	1096.275646	0.000165	0.000165	1.1	152.3
470	-0.997393	-0.997393	2.056310	1099.204361	0.000292	0.000292	1.1	151.1
471	-0.997734	-0.997734	1.996449	1102.065636	0.000200	0.000200	0.9	145.9
472	-0.997434	-0.997434	1.938246	1104.861988	0.000276	0.000276	1.0	132.5
473	-0.997485	-0.997485	2.024446	1100.725570	0.000192	0.000192	1.0	131.3
474	-0.996789	-0.996789	2.117885	1096.276586	0.000285	0.000285	1.0	130.7
475	-0.997293	-0.997293	2.010040	1101.414718	0.000289	0.000289	1.0	130.8
476	-0.997033	-0.997033	2.177598	1093.452249	0.000597	0.000597	0.9	134.9
477	-0.997716	-0.997716	1.944567	1104.557616	0.000299	0.000299	0.9	129.9
478	-0.998233	-0.998233	2.547830	1076.260405	0.000122	0.000122	1.0	131.4
479	-0.997430	-0.997430	2.552389	1076.052061	0.000243	0.000243	1.1	144.3
480	-0.997954	-0.997954	2.493286	1078.759118	0.000120	0.000120	1.1	162.1
481	-0.997602	-0.997602	2.453312	1080.597790	0.000159	0.000159	1.1	152.4
482	-0.997824	-0.997824	2.444700	1080.994689	0.000266	0.000266	1.5	152.4
483	-0.996895	-0.996895	2.404652	1082.844432	0.000484	0.000484	1.0	153.2
484	-0.997639	-0.997639	2.916448	1059.672266	0.000187	0.000187	1.1	152.4
485	-0.997884	-0.997884	2.993388	1056.274179	0.000323	0.000323	1.5	152.0
486	-0.996148	-0.996148	2.980098	1056.859574	0.000310	0.000310	1.1	152.0
487	-0.996968	-0.996968	3.128365	1050.365257	0.000361	0.000361	1.1	151.8
488	-0.997925	-0.997925	3.192559	1047.578173	0.000202	0.000202	1.1	152.1
489	-0.997223	-0.997223	3.054467	1053.592126	0.000228	0.000228	1.1	153.4
490	-0.997976	-0.997976	3.022835	1054.979425	0.000128	0.000128	1.0	154.4
491	-0.995630	-0.995630	3.007691	1055.644899	0.000202	0.000202	1.1	151.4
492	-0.997722	-0.997722	2.981883	1056.780921	0.000193	0.000193	1.1	150.5
493	-0.996163	-0.996163	2.930130	1059.066383	0.000235	0.000235	1.1	150.9
494	-0.997622	-0.997622	3.019668	1055.118501	0.000289	0.000289	1.1	153.1
495	-0.997819	-0.997819	3.225974	1046.133250	0.000223	0.000223	1.1	151.2
496	-0.996059	-0.996059	3.094300	1051.850285	0.000508	0.000508	1.1	152.4
497	-0.997888	-0.997888	3.552562	1032.218019	0.000215	0.000215	1.1	151.8
498	-0.996112	-0.996112	3.952105	1015.689726	0.000690	0.000690	1.1	151.1
499	-0.997203	-0.997203	4.567774	991.232030	0.000204	0.000204	1.1	152.0
