1:ItNr	2:Metric	3a:Time	3b:StepSize	4:||Gradient||	Time[ms]
0	-0.670468	0.000000	3.811356	0.016033	1235.8
1	-0.688037	0.000000	3.811356	0.080925	3.1
2	-0.675978	0.999995	3.638114	0.038235	2.6
3	-0.701709	1.999995	3.479935	0.036483	3.1
4	-0.673605	1.981085	3.482798	0.035255	2.9
5	-0.689816	2.981069	3.337569	0.036095	2.5
6	-0.683179	3.688273	3.241964	0.024533	2.9
7	-0.675253	4.685620	3.116081	0.022349	3.4
8	-0.660765	3.927490	3.210852	0.025940	2.6
9	-0.686005	4.798618	3.102433	0.022023	2.3
10	-0.670177	4.286673	3.165244	0.024109	2.3
11	-0.648108	5.196904	3.055265	0.052473	3.0
12	-0.704322	4.451984	3.144685	0.031433	3.1
13	-0.682136	5.451984	3.025803	0.032142	3.2
14	-0.687532	6.450785	2.915708	0.029994	3.4
15	-0.674057	7.450725	2.813232	0.029182	3.1
16	-0.702206	7.642849	2.794362	0.015655	3.1
17	-0.728550	6.894863	2.869291	0.048162	2.7
18	-0.689622	6.236795	2.938616	0.021822	2.8
19	-0.676102	5.479443	3.022665	0.028228	2.5
20	-0.686296	4.745053	3.108888	0.049674	2.6
21	-0.720536	5.744719	2.992684	0.050932	2.5
22	-0.686172	6.744719	2.884819	0.029966	2.5
23	-0.675085	7.739755	2.784940	0.051013	2.5
24	-0.690159	8.344440	2.727552	0.040097	2.4
25	-0.674717	7.585330	2.799985	0.036275	2.3
26	-0.682755	6.828566	2.876127	0.029081	2.7
27	-0.692095	6.078054	2.955843	0.026183	2.5
28	-0.710827	5.319006	3.041091	0.023351	2.7
29	-0.708293	6.049699	2.958942	0.036393	2.7
30	-0.689100	5.416690	3.029845	0.022606	2.8
31	-0.692611	6.409365	2.920114	0.036518	2.1
32	-0.692888	7.395328	2.818720	0.063047	2.2
33	-0.640014	8.395327	2.722830	0.037034	2.3
34	-0.693833	9.349368	2.637237	0.015110	3.0
35	-0.647633	9.540552	2.620728	0.025576	2.5
36	-0.706730	8.827855	2.683347	0.026296	2.3
37	-0.701580	8.723839	2.692737	0.018809	2.6
38	-0.699700	9.625391	2.613468	0.020429	2.3
39	-0.674597	10.257317	2.560632	0.028286	2.5
40	-0.695812	11.219285	2.484179	0.033466	2.3
41	-0.697527	10.517673	2.539480	0.024443	2.4
42	-0.688560	9.760318	2.602004	0.026010	2.4
43	-0.726636	10.752586	2.520692	0.050470	2.3
44	-0.690343	10.513747	2.539796	0.036086	2.6
45	-0.696197	11.513747	2.461681	0.035068	2.3
46	-0.677462	11.743489	2.444409	0.043153	2.1
47	-0.705960	12.002729	2.425208	0.019674	2.2
48	-0.685428	11.246562	2.482078	0.047454	2.4
49	-0.697160	11.707782	2.447078	0.030155	2.5
50	-0.684025	10.948863	2.505206	0.059131	2.2
51	-0.717704	10.246105	2.561551	0.049825	2.5
52	-0.652055	9.486980	2.625333	0.039392	2.3
53	-0.712462	8.727856	2.692373	0.036173	2.2
54	-0.672831	7.986769	2.761208	0.051193	2.3
55	-0.662045	7.375767	2.820663	0.064959	2.4
56	-0.714410	6.616643	2.898198	0.038991	2.3
57	-0.732803	5.902261	2.975158	0.022967	2.3
58	-0.693860	5.146751	3.061126	0.034115	2.3
59	-0.716271	5.131622	3.062898	0.057997	2.1
60	-0.700780	6.131622	2.950007	0.037619	2.1
61	-0.705333	7.129721	2.845335	0.049367	2.3
62	-0.723756	8.129721	2.747657	0.017870	2.4
63	-0.739016	7.371693	2.821068	0.033153	2.4
64	-0.707316	8.245145	2.736813	0.033315	2.3
65	-0.705956	7.580342	2.800473	0.025976	2.3
66	-0.702392	8.556304	2.708000	0.031232	2.2
67	-0.680205	7.817864	2.777391	0.045657	2.1
68	-0.694059	8.561348	2.707538	0.024527	2.4
69	-0.669155	9.561213	2.618956	0.045785	2.3
70	-0.685122	8.826979	2.683426	0.039173	2.6
71	-0.719313	9.826114	2.596451	0.035007	2.6
72	-0.715908	10.552041	2.536713	0.033494	2.2
73	-0.677425	9.978423	2.583685	0.069150	2.3
74	-0.689069	10.978423	2.502890	0.042217	2.7
75	-0.745283	10.219845	2.563705	0.037190	2.5
76	-0.723367	9.460721	2.627597	0.038309	2.5
77	-0.704117	8.701617	2.694752	0.031468	3.1
78	-0.750484	7.943295	2.765355	0.039508	2.4
79	-0.713668	8.938914	2.673393	0.029895	2.3
80	-0.691374	9.938904	2.586985	0.025135	2.3
81	-0.716008	10.855143	2.512577	0.030884	2.3
82	-0.689031	11.708706	2.447009	0.024502	2.1
83	-0.691379	10.950182	2.505103	0.046837	2.5
84	-0.680631	10.450859	2.544874	0.021519	2.5
85	-0.686820	10.175406	2.567360	0.010401	2.3
86	-0.709780	10.275533	2.559141	0.016849	2.4
87	-0.737220	9.785926	2.599840	0.025405	2.7
88	-0.704976	10.533457	2.538208	0.019410	2.9
89	-0.695362	9.776244	2.600658	0.043873	4.7
90	-0.691138	10.771905	2.519159	0.041239	28.9
91	-0.722711	11.771884	2.442291	0.046937	7.2
92	-0.721900	12.771884	2.369974	0.034229	5.3
93	-0.703947	13.480068	2.321297	0.064990	3.6
94	-0.681930	14.480068	2.255872	0.043749	4.0
95	-0.664745	13.722619	2.305082	0.037006	3.9
96	-0.704801	14.722618	2.240555	0.026877	3.5
97	-0.751031	15.686506	2.181687	0.023543	3.4
98	-0.696821	14.943284	2.226799	0.048262	3.9
99	-0.692960	14.186777	2.274675	0.023385	4.5
100	-0.693531	14.615664	2.247283	0.039263	4.6
101	-0.684183	15.536108	2.190668	0.059287	4.4
102	-0.736871	14.776984	2.237150	0.043857	4.0
103	-0.707407	14.017860	2.285648	0.035756	4.0
104	-0.694375	14.006663	2.286379	0.046254	3.3
105	-0.703803	15.006551	2.222887	0.071526	3.6
106	-0.705141	16.006551	2.162819	0.034625	3.6
107	-0.717328	15.318984	2.203764	0.042708	4.1
108	-0.735079	14.559870	2.250809	0.033585	3.6
109	-0.729432	13.800746	2.299907	0.050025	3.1
110	-0.713431	13.067332	2.349420	0.046538	3.6
111	-0.730024	13.596983	2.313453	0.032774	4.4
112	-0.738348	14.572283	2.250024	0.074155	3.9
113	-0.703046	13.813159	2.299087	0.021540	3.4
114	-0.700181	13.108485	2.346586	0.019989	3.5
115	-0.713318	12.865546	2.363419	0.034214	8.4
116	-0.703220	13.159287	2.343096	0.060607	13.9
117	-0.738015	12.400163	2.396350	0.055859	9.3
118	-0.737039	11.641059	2.452080	0.054809	4.1
119	-0.698398	12.388224	2.397207	0.023407	2.8
120	-0.733805	12.446137	2.393056	0.051792	2.5
121	-0.694853	13.426270	2.324925	0.026955	2.8
122	-0.743855	14.426270	2.259298	0.023132	2.5
123	-0.715399	13.898151	2.293488	0.015805	2.4
124	-0.757114	14.577563	2.249690	0.019113	2.3
125	-0.700543	13.911583	2.292605	0.056556	2.6
126	-0.733806	14.764202	2.237950	0.043924	2.3
127	-0.720297	14.005078	2.286482	0.047830	2.5
128	-0.710631	13.245968	2.337165	0.060414	2.6
129	-0.729841	12.486844	2.390147	0.038279	2.6
130	-0.722558	11.727903	2.445573	0.058227	2.6
131	-0.725611	10.968779	2.503645	0.036425	2.4
132	-0.694451	11.968683	2.427713	0.026077	2.6
133	-0.716056	11.210583	2.484851	0.042474	2.2
134	-0.693339	12.198681	2.410894	0.071975	2.3
135	-0.704949	13.189588	2.341019	0.038217	2.3
136	-0.723634	12.430464	2.394178	0.034175	2.1
137	-0.689971	11.682572	2.448965	0.029228	2.3
138	-0.727794	12.292977	2.404065	0.060854	2.4
139	-0.702864	13.292976	2.333961	0.042307	2.5
140	-0.715273	12.533852	2.386797	0.024767	2.3
141	-0.724002	13.528425	2.318046	0.030145	2.5
142	-0.722833	14.520605	2.253297	0.035338	2.3
143	-0.733348	13.863506	2.295767	0.032682	2.2
144	-0.722603	13.104483	2.346861	0.061276	2.3
145	-0.722199	12.345359	2.400289	0.014920	2.6
146	-0.691189	13.340906	2.330704	0.067649	2.4
147	-0.716938	13.881040	2.294613	0.048506	2.3
148	-0.739335	13.121976	2.345658	0.069887	2.2
149	-0.731232	12.362852	2.399030	0.038773	2.3
150	-0.744098	11.617585	2.453845	0.043450	2.1
151	-0.716854	10.858555	2.512307	0.049699	2.4
152	-0.748926	10.099430	2.573632	0.045894	2.4
153	-0.746662	9.340306	2.638025	0.044667	2.3
154	-0.714419	8.581303	2.705712	0.062648	2.2
155	-0.713567	7.822179	2.776976	0.050041	2.2
156	-0.761133	7.063054	2.852095	0.049821	2.3
157	-0.743278	7.927839	2.766833	0.027552	2.1
158	-0.729789	7.168716	2.841396	0.054316	2.4
159	-0.730157	6.421006	2.918875	0.013791	3.0
160	-0.728671	7.415260	2.816743	0.031141	2.8
161	-0.743083	8.403722	2.722053	0.035781	2.5
162	-0.748786	7.645446	2.794109	0.027109	2.2
163	-0.721382	8.644619	2.699933	0.033735	2.2
164	-0.754028	9.620542	2.613882	0.016031	2.5
165	-0.753228	9.006091	2.667408	0.081743	2.6
166	-0.750881	9.881592	2.591786	0.040539	2.6
167	-0.743269	9.122467	2.657103	0.065713	2.2
168	-0.779949	10.122460	2.571727	0.029031	2.4
169	-0.718492	11.122460	2.491667	0.030653	3.0
170	-0.776865	10.365957	2.551763	0.049304	3.2
171	-0.712802	9.606842	2.615052	0.043641	3.8
172	-0.752549	10.606842	2.532315	0.032841	2.9
173	-0.748716	11.606842	2.454653	0.029971	3.2
174	-0.701887	10.903238	2.508789	0.041249	3.1
175	-0.747344	10.144115	2.569939	0.036494	2.9
176	-0.752974	9.384991	2.634145	0.050365	4.8
177	-0.748153	9.756950	2.602289	0.032900	4.1
178	-0.766559	9.013741	2.666728	0.058955	3.0
179	-0.755192	10.012801	2.580821	0.036103	2.7
180	-0.739853	9.253676	2.645579	0.039890	3.2
181	-0.745478	10.253670	2.560931	0.052170	3.7
182	-0.763564	9.714634	2.605875	0.035662	2.3
183	-0.736936	8.956804	2.671797	0.031727	2.3
184	-0.754812	8.197697	2.741260	0.029259	2.3
185	-0.760612	7.621556	2.796441	0.025537	2.1
186	-0.749755	6.974016	2.861172	0.047121	2.3
187	-0.733645	7.973967	2.762428	0.051784	2.9
188	-0.761740	7.214842	2.836751	0.038519	2.4
189	-0.774446	6.455718	2.915185	0.049785	2.3
190	-0.756277	5.696593	2.998079	0.054799	2.8
191	-0.764116	4.937469	3.085825	0.071542	2.2
192	-0.755729	4.178345	3.178862	0.039984	2.3
193	-0.730423	5.178345	3.057431	0.024065	2.4
194	-0.777997	5.096798	3.066985	0.030474	2.5
195	-0.722731	4.389066	3.152478	0.037143	2.6
196	-0.740048	3.629953	3.249640	0.019726	2.4
197	-0.722149	3.020894	3.332036	0.024924	2.4
198	-0.756111	2.774312	3.366595	0.030966	2.3
199	-0.763340	3.559540	3.258957	0.052911	2.2
200	-0.741599	2.800418	3.362902	0.011507	2.5
201	-0.725385	2.041941	3.473600	0.038692	2.4
202	-0.750674	1.668182	3.530874	0.038543	2.3
203	-0.757043	2.667353	3.381810	0.011170	2.6
204	-0.765349	3.540985	3.261421	0.026771	2.2
205	-0.792758	3.811945	3.225805	0.042662	2.3
206	-0.751226	4.517007	3.136672	0.052731	2.4
207	-0.768824	5.514366	3.018684	0.051406	2.5
208	-0.746562	4.755241	3.107658	0.062131	2.5
209	-0.745107	5.755241	2.991507	0.039985	2.2
210	-0.774784	4.996117	3.078863	0.017058	2.3
211	-0.736993	5.974216	2.967222	0.028587	2.5
212	-0.764059	6.654640	2.894215	0.043458	2.3
213	-0.777059	7.654619	2.793214	0.030906	2.4
214	-0.775711	8.357464	2.726342	0.024076	2.6
215	-0.796724	9.094789	2.659546	0.030241	3.5
216	-0.773948	10.092325	2.574220	0.027950	2.9
217	-0.785397	9.407485	2.632197	0.023246	3.3
218	-0.772120	9.488704	2.625185	0.021743	2.8
219	-0.775407	8.757952	2.689650	0.052295	3.0
220	-0.791284	9.701994	2.606947	0.030735	2.8
221	-0.741221	10.686261	2.525968	0.031462	2.5
222	-0.775725	10.004460	2.581515	0.022170	2.3
223	-0.762101	10.892242	2.509654	0.025355	2.2
224	-0.803116	10.282829	2.558544	0.027376	2.3
225	-0.764507	10.316662	2.555780	0.024756	2.2
226	-0.752024	9.558638	2.619177	0.030930	2.6
227	-0.767942	8.938784	2.673405	0.044489	2.7
228	-0.759958	8.179660	2.742955	0.032983	2.2
229	-0.747561	9.179544	2.652077	0.023040	2.2
230	-0.760638	9.989917	2.582727	0.018778	2.2
231	-0.771156	9.427615	2.630455	0.030196	2.2
232	-0.748919	10.420492	2.547334	0.047174	2.2
233	-0.783093	11.420492	2.468762	0.051555	2.2
234	-0.792552	12.420492	2.394893	0.019332	2.2
235	-0.748183	12.131088	2.415812	0.036986	2.4
236	-0.782911	11.946502	2.429347	0.021990	2.5
237	-0.747055	12.946304	2.357797	0.016088	2.5
238	-0.767839	13.206728	2.339846	0.033484	2.2
239	-0.776026	12.524175	2.387486	0.023661	2.4
240	-0.790591	12.841290	2.365113	0.029154	2.5
241	-0.753364	13.496047	2.320222	0.038890	2.9
242	-0.743547	14.320765	2.266046	0.019567	2.4
243	-0.772969	13.564639	2.315618	0.016936	5.7
244	-0.807053	13.022552	2.352513	0.030115	3.1
245	-0.766853	12.268873	2.405807	0.042833	3.9
246	-0.758151	13.265271	2.335849	0.028223	6.6
247	-0.749735	14.265256	2.269613	0.060171	4.6
248	-0.765792	15.265136	2.207037	0.019502	3.1
249	-0.747774	14.723073	2.240526	0.040415	2.8
250	-0.730220	13.979035	2.288184	0.027765	3.2
251	-0.761053	13.220379	2.338913	0.016644	3.3
252	-0.790887	12.513965	2.388213	0.040812	2.6
253	-0.765207	12.842947	2.364997	0.026653	2.5
254	-0.759171	12.083864	2.419261	0.021169	2.7
255	-0.763279	13.081441	2.348448	0.020417	2.7
256	-0.771736	12.355669	2.399547	0.012381	2.8
257	-0.781656	13.169119	2.342422	0.037378	2.5
258	-0.768746	12.453150	2.392555	0.078383	2.4
259	-0.770904	11.694026	2.448107	0.039950	2.8
260	-0.777690	11.639766	2.452177	0.034749	2.8
261	-0.806531	10.884927	2.510230	0.038980	2.7
262	-0.741428	11.871976	2.434855	0.034774	2.7
263	-0.777758	12.871974	2.362971	0.031439	3.7
264	-0.777316	12.112886	2.417140	0.038306	4.6
265	-0.782563	11.355586	2.473715	0.018266	5.9
266	-0.774190	10.598315	2.532999	0.028328	3.0
267	-0.782462	11.370924	2.472542	0.023859	2.7
268	-0.800840	11.292580	2.478541	0.037054	3.8
269	-0.780237	10.556793	2.536331	0.022106	2.8
270	-0.759299	11.309889	2.477213	0.027989	2.5
271	-0.770218	10.622124	2.531091	0.036447	2.4
272	-0.815313	11.603491	2.454905	0.010441	2.4
273	-0.763729	11.587679	2.456096	0.020271	2.4
274	-0.761312	11.026855	2.499105	0.025387	2.4
275	-0.803190	10.368955	2.551519	0.017598	2.5
276	-0.781273	10.708162	2.524223	0.028568	2.4
277	-0.768190	11.697753	2.447828	0.031783	2.4
278	-0.757991	12.349808	2.399968	0.015981	2.6
279	-0.763501	11.737213	2.444878	0.026762	2.4
280	-0.732438	12.160121	2.413697	0.024202	2.9
281	-0.765788	13.139264	2.344470	0.035980	2.8
282	-0.781200	12.946605	2.357776	0.013414	2.6
283	-0.773693	12.206280	2.410342	0.018896	2.4
284	-0.781551	13.128883	2.345183	0.014188	2.5
285	-0.782554	12.835880	2.365491	0.051822	2.5
286	-0.770339	13.386532	2.327611	0.028510	2.3
287	-0.768019	14.386531	2.261835	0.030117	2.7
288	-0.763057	13.628079	2.311375	0.025164	2.5
289	-0.803220	14.597836	2.248409	0.041158	2.3
290	-0.787304	13.914215	2.292433	0.025129	2.2
291	-0.772448	13.698644	2.306675	0.028300	2.3
292	-0.809398	13.176781	2.341897	0.028705	2.1
293	-0.788893	13.755712	2.302887	0.013375	2.2
294	-0.787200	13.877581	2.294840	0.031598	2.2
295	-0.746119	13.642298	2.310427	0.023997	2.2
296	-0.768024	14.636505	2.245969	0.060748	2.1
297	-0.789731	13.882342	2.294527	0.052377	2.2
298	-0.763228	14.882342	2.230581	0.030741	2.3
299	-0.761739	15.839476	2.172628	0.025218	2.4
300	-0.792985	16.834474	2.115491	0.038207	2.3
301	-0.789778	17.833781	2.061053	0.024682	2.2
302	-0.791935	17.774362	2.064212	0.031298	2.3
303	-0.780246	17.423024	2.083087	0.049045	2.4
304	-0.787781	16.663900	2.125072	0.027604	2.4
305	-0.791587	15.910876	2.168426	0.019936	2.3
306	-0.743021	15.713116	2.180106	0.021535	2.3
307	-0.780962	15.102853	2.216957	0.066607	2.3
308	-0.813871	15.748858	2.177986	0.015013	2.3
309	-0.795064	14.993979	2.223663	0.023348	1.7
310	-0.805196	15.557402	2.189392	0.025018	2.3
311	-0.789724	16.556193	2.131166	0.013734	2.3
312	-0.808917	16.912243	2.111151	0.034077	2.4
313	-0.749619	16.579116	2.129866	0.035376	2.7
314	-0.837697	17.575265	2.074865	0.019441	2.9
315	-0.793915	16.867625	2.113639	0.013690	2.3
316	-0.772202	16.168503	2.153395	0.018877	2.3
317	-0.780996	15.797603	2.175100	0.037546	2.3
318	-0.820454	16.702950	2.122871	0.016774	2.6
319	-0.777992	15.996817	2.163388	0.020072	2.6
320	-0.768260	15.340896	2.202436	0.030412	2.4
321	-0.800738	14.621533	2.246913	0.019351	2.2
322	-0.787101	15.598250	2.186948	0.049995	2.3
323	-0.808473	14.878307	2.230832	0.028042	2.3
324	-0.778914	14.119183	2.279053	0.022865	2.3
325	-0.766807	15.091323	2.217666	0.028326	2.2
326	-0.759315	14.335238	2.265118	0.040751	2.3
327	-0.765151	15.326989	2.203279	0.025891	2.3
328	-0.764189	16.326957	2.144254	0.018251	2.3
329	-0.819159	15.649315	2.183901	0.018407	2.4
330	-0.784831	16.352953	2.142762	0.036348	2.3
331	-0.791249	15.830868	2.173136	0.020754	2.3
332	-0.832370	16.829160	2.115788	0.019275	2.3
333	-0.779968	16.104978	2.157082	0.026490	2.4
334	-0.791943	17.053945	2.103290	0.020219	2.3
335	-0.760804	16.306476	2.145431	0.042629	2.5
336	-0.792521	15.649790	2.183873	0.021477	2.4
337	-0.782087	14.891277	2.230026	0.022238	2.4
338	-0.744137	15.108250	2.216626	0.014753	2.3
339	-0.814296	15.302642	2.204757	0.022988	2.2
340	-0.775618	15.983686	2.164157	0.021873	2.4
341	-0.793852	16.935150	2.109877	0.015049	2.4
342	-0.817656	17.876904	2.058767	0.019785	2.3
343	-0.807534	17.786709	2.063554	0.044602	2.3
344	-0.765370	17.029060	2.104666	0.019176	2.5
345	-0.817144	16.270156	2.147522	0.019254	2.2
346	-0.775179	16.998667	2.106350	0.022857	2.3
347	-0.803211	16.304478	2.145546	0.025666	2.5
348	-0.817619	17.302100	2.089663	0.015519	2.4
349	-0.788257	16.639431	2.126453	0.042176	2.2
350	-0.792581	15.881167	2.170172	0.018389	2.3
351	-0.780103	15.371880	2.200560	0.020894	2.3
352	-0.803136	16.176610	2.152926	0.024700	2.3
353	-0.757994	15.595512	2.187112	0.024294	2.3
354	-0.788796	14.844574	2.232932	0.037562	2.3
355	-0.757924	14.085569	2.281237	0.033961	2.4
356	-0.795836	13.326667	2.331671	0.029915	2.1
357	-0.782829	13.575460	2.314893	0.020912	2.3
358	-0.802152	12.871770	2.362985	0.032637	2.2
359	-0.802789	12.353032	2.399736	0.013626	2.2
360	-0.775189	11.794643	2.440596	0.021449	2.2
361	-0.803876	11.272867	2.480055	0.026771	2.3
362	-0.792763	11.074591	2.495386	0.029749	2.4
363	-0.813528	12.072057	2.420124	0.028275	2.3
364	-0.774177	11.314602	2.476852	0.019204	2.4
365	-0.817331	10.558859	2.536165	0.037703	2.2
366	-0.790522	9.969242	2.584451	0.032057	2.3
367	-0.780146	9.230741	2.647586	0.030944	2.3
368	-0.783897	8.490262	2.714065	0.021583	2.3
369	-0.795295	9.486199	2.625401	0.022557	2.3
370	-0.796695	10.139737	2.570301	0.023312	2.2
371	-0.800811	9.511562	2.623218	0.054810	2.2
372	-0.793987	8.752468	2.690146	0.048070	2.2
373	-0.770625	7.993344	2.760581	0.041216	2.3
374	-0.805210	7.748787	2.784065	0.018288	2.2
375	-0.782974	8.704894	2.694454	0.034283	2.2
376	-0.810264	9.259882	2.645036	0.023556	2.2
377	-0.807897	8.504597	2.712746	0.029438	2.5
378	-0.788230	9.501543	2.624080	0.050227	2.3
379	-0.785760	9.209272	2.649468	0.027131	2.3
380	-0.771470	9.898683	2.590353	0.014555	2.3
381	-0.808524	9.297004	2.641795	0.050425	2.2
382	-0.810550	8.594443	2.704511	0.028240	2.2
383	-0.772587	9.240036	2.646772	0.018370	2.1
384	-0.814696	9.006027	2.667414	0.025236	2.1
385	-0.788343	8.285349	2.733056	0.023449	2.1
386	-0.772512	9.282842	2.643031	0.016301	2.1
387	-0.762968	8.805061	2.685399	0.023410	2.4
388	-0.787394	9.510078	2.623346	0.056816	2.1
389	-0.826664	8.757178	2.689720	0.044890	2.0
390	-0.785258	7.998054	2.760133	0.038756	2.2
391	-0.818361	7.238930	2.834331	0.024324	1.8
392	-0.798113	6.479968	2.912612	0.041835	2.2
393	-0.812740	5.736258	2.993631	0.024146	2.1
394	-0.804903	6.733780	2.885957	0.035411	2.3
395	-0.774220	7.733679	2.785529	0.045014	2.2
396	-0.761902	8.733677	2.691846	0.024308	2.2
397	-0.791599	8.019096	2.758132	0.033225	2.3
398	-0.810365	9.003431	2.667644	0.016944	2.1
399	-0.810703	9.113702	2.657876	0.020530	2.4
400	-0.799524	9.280218	2.643260	0.029314	2.2
401	-0.785259	10.167623	2.568001	0.020325	2.2
402	-0.768336	9.431051	2.630158	0.039746	2.3
403	-0.811640	8.671987	2.697443	0.048361	2.3
404	-0.802455	7.912863	2.768266	0.016104	2.3
405	-0.774244	8.885458	2.678175	0.046448	2.4
406	-0.774112	9.877758	2.592108	0.029741	2.2
407	-0.793434	9.118738	2.657432	0.034463	2.2
408	-0.798551	8.361950	2.725925	0.049814	2.2
409	-0.782595	9.361849	2.636153	0.025301	2.2
410	-0.836392	8.602725	2.703754	0.031160	2.2
411	-0.797866	9.602661	2.615409	0.044467	2.2
412	-0.805125	10.601075	2.532777	0.041339	2.3
413	-0.790818	11.600834	2.455105	0.030215	2.3
414	-0.802428	10.841710	2.513637	0.032261	2.7
415	-0.787584	10.086556	2.574698	0.033278	2.3
416	-0.766215	9.333629	2.638606	0.033280	2.3
417	-0.821843	9.263559	2.644715	0.012545	2.5
418	-0.825030	8.726738	2.692475	0.032498	2.9
419	-0.770926	7.974813	2.762347	0.024265	3.0
420	-0.796737	8.530334	2.710382	0.020822	2.5
421	-0.769949	9.449585	2.628558	0.044726	2.2
422	-0.748049	8.690490	2.695762	0.031737	2.6
423	-0.809965	9.645941	2.611716	0.073123	2.6
424	-0.803594	8.905755	2.676357	0.022126	2.3
425	-0.848554	9.905747	2.589761	0.034916	2.6
426	-0.813521	10.529414	2.538534	0.045135	2.4
427	-0.831647	9.770290	2.601161	0.039972	2.3
428	-0.793055	10.768477	2.519431	0.033132	2.2
429	-0.819929	11.624316	2.453338	0.042687	2.4
430	-0.845680	11.049878	2.497310	0.029485	2.3
431	-0.792725	10.290830	2.557889	0.038845	2.3
432	-0.786169	9.531783	2.621481	0.052394	2.5
433	-0.797133	8.772685	2.688319	0.028126	2.4
434	-0.825780	8.013569	2.758657	0.019555	2.3
435	-0.813093	7.364162	2.821817	0.034998	2.3
436	-0.832472	8.245560	2.736774	0.034315	2.2
437	-0.816672	9.225187	2.648072	0.030932	2.8
438	-0.807222	8.473543	2.715604	0.028885	2.1
439	-0.808948	9.306792	2.640942	0.018559	2.3
440	-0.821629	8.595986	2.704370	0.014394	2.1
441	-0.817421	8.229202	2.738306	0.019269	2.2
442	-0.810820	8.293019	2.732340	0.046160	1.9
443	-0.806029	7.534177	2.805004	0.020785	1.9
444	-0.766961	6.778614	2.881299	0.042567	2.0
445	-0.839584	6.019868	2.962209	0.060135	1.9
446	-0.817521	7.019868	2.856490	0.051598	1.9
447	-0.801698	8.019868	2.758058	0.041041	2.0
448	-0.812379	9.019865	2.666184	0.042889	2.4
449	-0.814454	8.260741	2.735354	0.027935	1.9
450	-0.814133	7.940982	2.765576	0.021024	1.9
451	-0.817130	8.919761	2.675104	0.036187	2.0
452	-0.808748	9.918859	2.588662	0.022132	1.8
453	-0.812386	10.859335	2.512246	0.027445	2.1
454	-0.836208	10.793231	2.517469	0.051609	2.0
455	-0.803760	11.792816	2.440732	0.030856	2.0
456	-0.821700	11.033692	2.498572	0.025847	2.3
457	-0.792894	10.275096	2.559176	0.034165	2.2
458	-0.808127	9.928952	2.587818	0.043138	2.2
459	-0.783521	9.170044	2.652912	0.028659	2.2
460	-0.800880	10.168872	2.567898	0.020995	2.2
461	-0.796931	9.431761	2.630097	0.033882	2.1
462	-0.825140	9.620626	2.613875	0.034324	2.7
463	-0.828385	10.548694	2.536983	0.030383	2.2
464	-0.814236	11.134134	2.490762	0.052687	2.2
465	-0.794944	10.375009	2.551027	0.031971	1.9
466	-0.817983	9.615889	2.614279	0.040325	2.3
467	-0.825389	8.857021	2.680726	0.016422	2.1
468	-0.821938	8.418816	2.720656	0.033985	1.9
469	-0.831488	7.808718	2.778273	0.038536	1.7
470	-0.811248	7.049596	2.853463	0.036708	2.0
471	-0.814081	6.300740	2.931733	0.017395	2.2
472	-0.823512	5.547091	3.014963	0.020008	2.2
473	-0.803283	4.891738	3.091275	0.029930	2.4
474	-0.801728	4.259872	3.168602	0.035213	2.3
475	-0.841303	3.500782	3.266773	0.018716	2.2
476	-0.808380	2.842554	3.356959	0.024864	2.3
477	-0.807130	2.740058	3.371453	0.035143	2.3
478	-0.822067	2.182886	3.452481	0.040961	2.5
479	-0.822839	1.675907	3.529671	0.036577	2.3
480	-0.811032	0.916815	3.651921	0.016659	2.2
481	-0.819072	0.158699	3.782770	0.033254	2.3
482	-0.854875	0.000000	3.811356	0.037848	2.2
483	-0.827475	0.287376	3.759904	0.055285	2.3
484	-0.842893	1.287376	3.591203	0.025187	2.3
485	-0.840127	2.287312	3.437000	0.018357	2.2
486	-0.836194	1.575572	3.545358	0.028528	2.2
487	-0.833792	0.823448	3.667545	0.010455	2.2
488	-0.818578	1.525237	3.553281	0.023075	2.3
489	-0.800959	2.364181	3.425692	0.023482	2.3
490	-0.815956	3.337517	3.288687	0.033077	2.3
491	-0.807552	4.335046	3.159200	0.014767	2.2
492	-0.851709	4.285681	3.165368	0.022698	2.1
493	-0.789769	3.630811	3.249527	0.028484	2.1
494	-0.826306	2.876212	3.352227	0.034207	2.2
495	-0.798829	2.146295	3.457939	0.029568	2.1
496	-0.822318	1.397297	3.573578	0.022549	2.2
497	-0.856771	1.243136	3.598345	0.025230	2.1
498	-0.828983	0.781867	3.674547	0.023464	1.9
499	-0.837133	1.638136	3.535560	0.033777	2.1
