1:ItNr	2:Metric	2:Metric0	3a:Time	3b:StepSize	4:||Gradient0||	4:||Gradient||	Time0[ms]	Time[ms]
0	-0.996760	-0.996760	0.000000	9727.746784	0.000514	0.000514	1.1	1424.5
1	-0.997131	-0.997131	0.000000	9727.746784	0.000299	0.000299	1.1	150.4
2	-0.996812	-0.996812	1.000000	9285.576491	0.000585	0.000585	1.1	151.1
3	-0.995888	-0.995888	2.000000	8881.855773	0.000784	0.000784	1.1	150.7
4	-0.996620	-0.996620	3.000000	8511.778449	0.000510	0.000510	1.1	151.7
5	-0.996773	-0.996773	4.000000	8171.307310	0.000513	0.000513	1.1	152.2
6	-0.996625	-0.996625	5.000000	7857.026259	0.000512	0.000512	1.1	152.7
7	-0.996521	-0.996521	6.000000	7566.025286	0.000770	0.000770	1.1	150.2
8	-0.997041	-0.997041	7.000000	7295.810097	0.000651	0.000651	1.1	150.6
9	-0.996957	-0.996957	8.000000	7044.230438	0.000446	0.000446	1.1	150.8
10	-0.997602	-0.997602	9.000000	6809.422757	0.000327	0.000327	1.1	151.3
11	-0.997431	-0.997431	10.000000	6589.763958	0.000315	0.000315	1.1	150.8
12	-0.998062	-0.998062	10.998613	6384.110583	0.000184	0.000184	1.1	152.1
13	-0.998066	-0.998066	11.996708	6191.001868	0.000189	0.000189	1.1	151.3
14	-0.997966	-0.997966	12.984948	6010.975368	0.000342	0.000342	1.0	152.2
15	-0.997854	-0.997854	13.405479	5937.504347	0.000224	0.000224	1.1	152.2
16	-0.998047	-0.998047	14.405431	5769.812127	0.000263	0.000263	1.1	150.5
17	-0.997437	-0.997437	15.405429	5611.324685	0.000471	0.000471	1.1	150.0
18	-0.997726	-0.997726	16.405429	5461.311042	0.000373	0.000373	1.1	152.3
19	-0.997963	-0.997963	17.405429	5319.109505	0.000234	0.000234	1.1	151.6
20	-0.998174	-0.998174	18.405429	5184.125330	0.000175	0.000175	1.1	150.5
21	-0.998170	-0.998170	18.317360	5195.737484	0.000253	0.000253	1.3	151.9
22	-0.998203	-0.998203	18.083552	5226.819815	0.000163	0.000163	1.1	150.2
23	-0.997801	-0.997801	19.083421	5096.438336	0.000280	0.000280	1.3	150.3
24	-0.997377	-0.997377	20.083299	4972.402142	0.000350	0.000350	1.2	151.8
25	-0.998001	-0.998001	21.083298	4854.246055	0.000245	0.000245	1.1	152.4
26	-0.998133	-0.998133	20.724436	4895.996262	0.000158	0.000158	1.1	150.3
27	-0.998281	-0.998281	20.453540	4927.991268	0.000152	0.000152	1.1	151.1
28	-0.997871	-0.997871	21.399265	4818.071315	0.000304	0.000304	1.1	152.2
29	-0.998193	-0.998193	22.395348	4707.478822	0.000211	0.000211	1.1	154.4
30	-0.998142	-0.998142	23.395346	4601.443632	0.000202	0.000202	1.1	150.6
31	-0.998466	-0.998466	24.211681	4518.360651	0.000172	0.000172	1.1	151.9
32	-0.998130	-0.998130	25.194590	4422.220971	0.000271	0.000271	1.1	152.4
33	-0.998213	-0.998213	25.081319	4433.091057	0.000135	0.000135	1.1	151.5
34	-0.998171	-0.998171	26.081199	4338.943949	0.000170	0.000170	1.1	151.3
35	-0.998195	-0.998195	26.084123	4338.674475	0.000190	0.000190	1.1	150.8
36	-0.998233	-0.998233	26.137029	4333.804819	0.000216	0.000216	1.0	151.3
37	-0.998234	-0.998234	27.060550	4250.527389	0.000278	0.000278	1.3	152.7
38	-0.998161	-0.998161	27.040847	4252.270656	0.000206	0.000206	1.1	152.4
39	-0.998391	-0.998391	28.038099	4165.795334	0.000187	0.000187	1.1	151.2
40	-0.998297	-0.998297	28.836863	4099.027694	0.000156	0.000156	1.2	151.0
41	-0.998040	-0.998040	29.336350	4058.353109	0.000436	0.000436	1.1	152.2
42	-0.998180	-0.998180	28.997134	4085.887882	0.000243	0.000243	1.1	151.1
43	-0.998153	-0.998153	29.997134	4005.767931	0.000257	0.000257	1.1	151.4
44	-0.998290	-0.998290	30.996269	3928.795002	0.000214	0.000214	1.1	149.3
45	-0.998312	-0.998312	31.912934	3860.732442	0.000230	0.000230	1.1	152.1
46	-0.998435	-0.998435	32.828202	3795.086465	0.000181	0.000181	1.1	152.6
47	-0.998458	-0.998458	33.813209	3726.887834	0.000156	0.000156	1.1	150.9
48	-0.998300	-0.998300	34.804671	3660.673569	0.000249	0.000249	1.1	149.9
49	-0.998150	-0.998150	34.889684	3655.105362	0.000166	0.000166	1.2	149.7
50	-0.998657	-0.998657	35.163611	3637.278283	0.000133	0.000133	1.1	152.2
51	-0.998310	-0.998310	35.775507	3598.077655	0.000175	0.000175	1.1	153.8
52	-0.998603	-0.998603	35.579008	3610.573769	0.000225	0.000225	1.2	151.4
53	-0.998524	-0.998524	36.561379	3548.953922	0.000123	0.000123	1.3	150.8
54	-0.998299	-0.998299	36.690196	3541.029454	0.000152	0.000152	1.1	151.2
55	-0.997908	-0.997908	36.636868	3544.305776	0.000416	0.000416	1.2	154.1
56	-0.998079	-0.998079	36.277846	3566.521761	0.000321	0.000321	1.1	153.7
57	-0.998111	-0.998111	37.076328	3517.486224	0.000294	0.000294	1.1	150.9
58	-0.998479	-0.998479	38.076328	3457.944841	0.000243	0.000243	1.1	153.1
59	-0.997991	-0.997991	37.843251	3471.641666	0.000427	0.000427	1.1	152.4
60	-0.998097	-0.998097	38.843251	3413.629416	0.000264	0.000264	1.1	150.4
61	-0.998202	-0.998202	39.843251	3357.524107	0.000182	0.000182	1.1	151.4
62	-0.998229	-0.998229	40.654672	3313.336599	0.000229	0.000229	1.1	151.0
63	-0.998572	-0.998572	41.651268	3260.631243	0.000244	0.000244	1.3	154.5
64	-0.998704	-0.998704	42.495719	3217.267018	0.000099	0.000099	1.1	153.1
65	-0.998185	-0.998185	42.775675	3203.144203	0.000559	0.000559	1.1	151.8
66	-0.998045	-0.998045	43.562744	3164.095394	0.000425	0.000425	1.2	149.0
67	-0.998221	-0.998221	43.357174	3174.202192	0.000171	0.000171	1.1	150.1
68	-0.998350	-0.998350	43.259186	3179.042472	0.000308	0.000308	1.1	151.9
69	-0.998212	-0.998212	44.252611	3130.643805	0.000206	0.000206	1.1	151.2
70	-0.998502	-0.998502	44.966623	3096.758223	0.000161	0.000161	1.1	150.7
71	-0.998507	-0.998507	45.743321	3060.720960	0.000140	0.000140	1.1	152.4
72	-0.998297	-0.998297	46.121899	3043.458015	0.000452	0.000452	0.9	148.4
73	-0.997961	-0.997961	46.156392	3041.894847	0.000333	0.000333	0.9	132.3
74	-0.998325	-0.998325	45.796012	3058.306590	0.000221	0.000221	1.0	134.9
75	-0.998462	-0.998462	46.795652	3013.212141	0.000281	0.000281	1.1	150.2
76	-0.998106	-0.998106	46.480508	3027.284316	0.000489	0.000489	1.1	151.3
77	-0.998653	-0.998653	47.477266	2983.219029	0.000151	0.000151	1.1	152.4
78	-0.997861	-0.997861	47.151118	2997.495686	0.000423	0.000423	1.1	152.2
79	-0.998236	-0.998236	48.151109	2954.149050	0.000545	0.000545	1.1	150.5
80	-0.998579	-0.998579	49.010225	2917.897829	0.000143	0.000143	1.1	150.7
81	-0.998518	-0.998518	49.258423	2907.589938	0.000128	0.000128	1.2	152.3
82	-0.998503	-0.998503	50.117104	2872.483153	0.000135	0.000135	1.1	150.7
83	-0.998348	-0.998348	50.255965	2866.885340	0.000111	0.000111	1.0	151.8
84	-0.998343	-0.998343	50.298846	2865.161149	0.000268	0.000268	1.1	150.8
85	-0.998268	-0.998268	50.762063	2846.666823	0.000178	0.000178	1.6	152.5
86	-0.998302	-0.998302	50.846044	2843.339316	0.000177	0.000177	1.1	153.1
87	-0.998416	-0.998416	51.304677	2825.303855	0.000143	0.000143	1.1	150.8
88	-0.998426	-0.998426	51.775952	2807.008039	0.000171	0.000171	1.1	150.2
89	-0.998392	-0.998392	52.190937	2791.092599	0.000534	0.000534	1.1	150.9
90	-0.998447	-0.998447	53.005004	2760.390138	0.000170	0.000170	1.1	151.6
91	-0.998636	-0.998636	53.853455	2729.101574	0.000142	0.000142	1.1	151.6
92	-0.998620	-0.998620	53.886990	2727.879457	0.000213	0.000213	1.3	151.7
93	-0.998455	-0.998455	54.258071	2714.428897	0.000198	0.000198	1.1	150.4
94	-0.998536	-0.998536	54.338165	2711.543099	0.000232	0.000232	1.1	152.7
95	-0.998397	-0.998397	53.977774	2724.576509	0.000401	0.000401	1.1	151.9
96	-0.998371	-0.998371	54.977774	2688.716331	0.000198	0.000198	1.1	151.1
97	-0.998730	-0.998730	55.977774	2653.787855	0.000165	0.000165	1.1	149.9
98	-0.998548	-0.998548	56.960219	2620.345157	0.000149	0.000149	1.1	152.8
99	-0.998624	-0.998624	56.630546	2631.472969	0.000147	0.000147	1.1	151.2
100	-0.998337	-0.998337	57.041345	2617.621240	0.000137	0.000137	1.0	150.0
101	-0.998749	-0.998749	56.895369	2622.526678	0.000146	0.000146	1.1	150.8
102	-0.998231	-0.998231	56.649210	2630.840461	0.000221	0.000221	1.1	150.5
103	-0.998689	-0.998689	57.588893	2599.383625	0.000138	0.000138	1.1	152.3
104	-0.998390	-0.998390	58.420497	2572.165750	0.000127	0.000127	1.1	152.0
105	-0.998384	-0.998384	58.504590	2569.445144	0.000136	0.000136	1.1	150.8
106	-0.998676	-0.998676	58.200785	2579.301236	0.000183	0.000183	1.1	150.7
107	-0.998625	-0.998625	58.256625	2577.483981	0.000207	0.000207	1.1	151.1
108	-0.998375	-0.998375	59.082648	2550.898212	0.000194	0.000194	1.1	151.0
109	-0.998743	-0.998743	60.082617	2519.438699	0.000132	0.000132	1.1	150.7
110	-0.998492	-0.998492	60.230136	2514.863248	0.000133	0.000133	1.1	151.3
111	-0.998158	-0.998158	59.889075	2525.466926	0.000291	0.000291	1.1	153.2
112	-0.998621	-0.998621	60.888491	2494.644601	0.000189	0.000189	1.1	151.5
113	-0.998602	-0.998602	60.528100	2505.672057	0.000132	0.000132	1.1	150.7
114	-0.998315	-0.998315	60.204394	2515.660459	0.000138	0.000138	1.1	150.2
115	-0.998649	-0.998649	60.633558	2502.435114	0.000292	0.000292	1.1	150.1
116	-0.998631	-0.998631	60.345871	2511.285200	0.000114	0.000114	1.1	152.1
117	-0.998575	-0.998575	60.052326	2520.380260	0.000187	0.000187	1.5	152.2
118	-0.998303	-0.998303	60.507255	2506.312868	0.000202	0.000202	1.1	151.0
119	-0.998507	-0.998507	61.096891	2488.312036	0.000159	0.000159	1.1	150.4
120	-0.998693	-0.998693	60.890789	2494.574605	0.000145	0.000145	1.1	151.2
121	-0.998727	-0.998727	61.819965	2466.587396	0.000189	0.000189	1.1	153.2
122	-0.998696	-0.998696	61.469384	2477.072974	0.000172	0.000172	1.1	150.0
123	-0.998760	-0.998760	62.332042	2451.430163	0.000105	0.000105	1.1	151.0
124	-0.998444	-0.998444	62.121143	2457.650075	0.000190	0.000190	1.0	148.1
125	-0.998742	-0.998742	62.074613	2459.026592	0.000114	0.000114	1.1	150.9
126	-0.998635	-0.998635	61.943569	2462.911646	0.000147	0.000147	1.0	150.1
127	-0.998511	-0.998511	62.058173	2459.513315	0.000161	0.000161	1.2	151.5
128	-0.998290	-0.998290	62.052473	2459.682112	0.000297	0.000297	1.1	151.3
129	-0.998656	-0.998656	61.695060	2470.312996	0.000274	0.000274	1.1	150.7
130	-0.998496	-0.998496	62.695059	2440.797391	0.000172	0.000172	1.1	151.4
131	-0.998696	-0.998696	62.344079	2451.076118	0.000185	0.000185	1.1	152.3
132	-0.998575	-0.998575	63.339392	2422.150294	0.000125	0.000125	1.1	150.7
133	-0.998526	-0.998526	63.940230	2405.016819	0.000317	0.000317	1.1	150.6
134	-0.998371	-0.998371	63.583895	2415.148671	0.000346	0.000346	1.1	153.8
135	-0.998499	-0.998499	64.583883	2386.929343	0.000188	0.000188	1.1	151.9
136	-0.998608	-0.998608	65.583845	2359.362557	0.000212	0.000212	1.1	151.4
137	-0.998543	-0.998543	65.224312	2369.200504	0.000152	0.000152	1.1	151.7
138	-0.998855	-0.998855	66.110800	2345.090183	0.000129	0.000129	1.5	151.0
139	-0.998565	-0.998565	66.182184	2343.170046	0.000177	0.000177	1.1	151.5
140	-0.998763	-0.998763	65.824886	2352.812559	0.000156	0.000156	1.1	150.7
141	-0.998618	-0.998618	66.253669	2341.250352	0.000127	0.000127	1.1	150.4
142	-0.998430	-0.998430	66.127457	2344.641851	0.000144	0.000144	1.1	150.7
143	-0.998665	-0.998665	65.922316	2350.175336	0.000130	0.000130	1.1	152.0
144	-0.998574	-0.998574	66.627844	2331.253099	0.000224	0.000224	1.1	153.0
145	-0.998558	-0.998558	66.301408	2339.970082	0.000241	0.000241	1.1	151.4
146	-0.998622	-0.998622	67.031635	2320.559916	0.000136	0.000136	1.5	152.0
147	-0.998503	-0.998503	66.725851	2328.648627	0.000138	0.000138	1.1	166.5
148	-0.998506	-0.998506	66.774478	2327.358548	0.000178	0.000178	1.1	150.9
149	-0.998526	-0.998526	66.807549	2326.481996	0.000293	0.000293	1.1	150.3
150	-0.998696	-0.998696	66.684754	2329.740031	0.000213	0.000213	1.1	151.9
151	-0.998697	-0.998697	66.324395	2339.354112	0.000209	0.000209	1.1	150.8
152	-0.998837	-0.998837	67.290829	2313.747465	0.000124	0.000124	1.0	153.3
153	-0.998808	-0.998808	68.197164	2290.237419	0.000164	0.000164	1.1	149.7
154	-0.998513	-0.998513	69.026870	2269.130128	0.000163	0.000163	1.1	150.5
155	-0.998551	-0.998551	68.782003	2275.318846	0.000190	0.000190	1.1	150.0
156	-0.998533	-0.998533	68.421659	2284.487736	0.000183	0.000183	1.2	152.3
157	-0.998594	-0.998594	68.223503	2289.561324	0.000233	0.000233	1.0	152.7
158	-0.998575	-0.998575	67.865057	2298.796508	0.000162	0.000162	1.1	151.6
159	-0.998685	-0.998685	67.550266	2306.968587	0.000136	0.000136	1.1	150.9
160	-0.998709	-0.998709	67.825516	2299.819826	0.000156	0.000156	1.5	151.7
161	-0.998814	-0.998814	68.522656	2281.910427	0.000109	0.000109	1.1	152.7
162	-0.998758	-0.998758	68.359977	2286.064615	0.000232	0.000232	1.1	151.4
163	-0.998715	-0.998715	68.099393	2292.750544	0.000111	0.000111	1.1	151.3
164	-0.998439	-0.998439	68.219981	2289.651707	0.000175	0.000175	1.1	152.7
165	-0.998652	-0.998652	68.968104	2270.612291	0.000117	0.000117	1.1	151.5
166	-0.998662	-0.998662	69.104522	2267.174582	0.000126	0.000126	1.1	150.5
167	-0.998683	-0.998683	68.953366	2270.984308	0.000134	0.000134	1.4	151.0
168	-0.998481	-0.998481	69.041925	2268.750732	0.000389	0.000389	1.1	151.2
169	-0.998313	-0.998313	68.682417	2277.845404	0.000153	0.000153	1.2	152.4
170	-0.998708	-0.998708	68.322867	2287.014387	0.000196	0.000196	1.1	152.7
171	-0.998704	-0.998704	68.362495	2286.000200	0.000262	0.000262	1.1	150.4
172	-0.998723	-0.998723	69.361396	2260.729586	0.000158	0.000158	1.1	151.0
173	-0.998811	-0.998811	69.001109	2269.779623	0.000138	0.000138	1.1	149.9
174	-0.998813	-0.998813	69.894748	2247.464083	0.000155	0.000155	1.1	152.6
175	-0.998523	-0.998523	70.617006	2229.746324	0.000205	0.000205	1.0	150.4
176	-0.998529	-0.998529	70.899002	2222.904244	0.000158	0.000158	1.3	151.4
177	-0.998593	-0.998593	71.817483	2200.907372	0.000198	0.000198	1.1	153.1
178	-0.998695	-0.998695	71.459273	2209.434223	0.000115	0.000115	1.1	152.5
179	-0.998733	-0.998733	72.439613	2186.253525	0.000157	0.000157	1.1	150.9
180	-0.998897	-0.998897	72.132222	2193.469437	0.000128	0.000128	1.1	150.2
181	-0.998896	-0.998896	71.829710	2200.617477	0.000101	0.000101	1.2	150.4
182	-0.998679	-0.998679	71.555367	2207.140322	0.000119	0.000119	1.1	150.4
183	-0.998693	-0.998693	71.587575	2206.372529	0.000289	0.000289	1.3	152.7
184	-0.998540	-0.998540	71.519951	2207.985188	0.000206	0.000206	1.1	151.9
185	-0.998673	-0.998673	71.159560	2216.619543	0.000116	0.000116	1.1	151.4
186	-0.998854	-0.998854	70.916707	2222.476074	0.000119	0.000119	1.1	150.6
187	-0.998782	-0.998782	71.103946	2217.957987	0.000132	0.000132	1.2	152.4
188	-0.998707	-0.998707	71.020725	2219.963844	0.000167	0.000167	1.1	150.4
189	-0.998619	-0.998619	70.813745	2224.968411	0.000276	0.000276	1.1	151.0
190	-0.998793	-0.998793	71.813740	2200.996122	0.000114	0.000114	1.1	152.8
191	-0.998764	-0.998764	72.804118	2177.758152	0.000220	0.000220	1.1	151.8
192	-0.998625	-0.998625	72.852450	2176.636652	0.000162	0.000162	1.1	151.0
193	-0.998616	-0.998616	73.797337	2154.941151	0.000253	0.000253	1.1	150.4
194	-0.998671	-0.998671	74.789821	2132.613677	0.000157	0.000157	1.1	150.7
195	-0.998680	-0.998680	74.431439	2140.622475	0.000118	0.000118	1.1	150.4
196	-0.998794	-0.998794	74.866461	2130.908764	0.000108	0.000108	1.1	152.4
197	-0.998508	-0.998508	75.118151	2125.328884	0.000161	0.000161	1.2	153.5
198	-0.998711	-0.998711	74.929732	2129.503321	0.000211	0.000211	1.1	151.4
199	-0.998829	-0.998829	75.903163	2108.111594	0.000150	0.000150	1.2	151.2
200	-0.998729	-0.998729	76.901484	2086.614776	0.000164	0.000164	1.1	152.2
201	-0.998681	-0.998681	77.883543	2065.891625	0.000183	0.000183	1.1	156.3
202	-0.998662	-0.998662	77.639622	2071.000250	0.000135	0.000135	1.1	150.1
203	-0.998619	-0.998619	77.312876	2077.883290	0.000153	0.000153	1.1	152.4
204	-0.998916	-0.998916	77.416389	2075.697799	0.000108	0.000108	1.1	150.5
205	-0.998785	-0.998785	77.966772	2064.154246	0.000132	0.000132	1.1	152.7
206	-0.998717	-0.998717	78.006707	2063.321649	0.000187	0.000187	1.1	150.3
207	-0.998870	-0.998870	78.879407	2045.293297	0.000166	0.000166	1.1	151.0
208	-0.998480	-0.998480	79.854936	2025.510019	0.000198	0.000198	1.1	149.9
209	-0.998714	-0.998714	80.853284	2005.656322	0.000167	0.000167	1.1	152.1
210	-0.998945	-0.998945	81.805105	1987.086942	0.000145	0.000145	1.1	152.8
211	-0.998884	-0.998884	82.775503	1968.505835	0.000126	0.000126	1.1	150.0
212	-0.998745	-0.998745	83.070257	1962.930508	0.000142	0.000142	1.1	149.9
213	-0.998578	-0.998578	83.341883	1957.820551	0.000164	0.000164	1.3	152.6
214	-0.998851	-0.998851	83.906814	1947.277531	0.000099	0.000099	1.1	151.9
215	-0.998630	-0.998630	83.671533	1951.654628	0.000247	0.000247	1.4	150.6
216	-0.998813	-0.998813	83.852941	1948.278043	0.000151	0.000151	1.1	152.5
217	-0.998757	-0.998757	84.849193	1929.940857	0.000239	0.000239	1.1	150.4
218	-0.998695	-0.998695	84.810695	1930.643041	0.000223	0.000223	1.1	152.6
219	-0.998650	-0.998650	84.453367	1937.185009	0.000163	0.000163	1.1	150.7
220	-0.998709	-0.998709	85.432358	1919.366310	0.000190	0.000190	1.1	150.8
221	-0.998744	-0.998744	86.423701	1901.653744	0.000112	0.000112	1.1	151.4
222	-0.998796	-0.998796	86.134205	1906.792352	0.000369	0.000369	1.1	151.9
223	-0.998570	-0.998570	86.282123	1904.163311	0.000434	0.000434	1.1	153.0
224	-0.998411	-0.998411	87.282032	1886.579693	0.000262	0.000262	1.1	151.2
225	-0.998707	-0.998707	86.921641	1892.879695	0.000282	0.000282	1.1	151.1
226	-0.998731	-0.998731	87.791041	1877.752807	0.000139	0.000139	1.1	149.0
227	-0.998684	-0.998684	87.435187	1883.915060	0.000201	0.000201	1.1	151.5
228	-0.998660	-0.998660	87.974262	1874.595694	0.000098	0.000098	1.0	151.1
229	-0.998707	-0.998707	87.992680	1874.278914	0.000196	0.000196	1.2	150.3
230	-0.998832	-0.998832	87.701825	1879.293958	0.000113	0.000113	1.1	153.0
231	-0.998384	-0.998384	87.416639	1884.237362	0.000208	0.000208	1.1	151.8
232	-0.998746	-0.998746	87.510555	1882.606564	0.000176	0.000176	1.1	151.0
233	-0.998743	-0.998743	88.129573	1871.927802	0.000126	0.000126	1.1	151.4
234	-0.998670	-0.998670	88.159168	1871.420291	0.000171	0.000171	1.1	151.3
235	-0.998795	-0.998795	88.389818	1867.474383	0.000117	0.000117	1.1	149.7
236	-0.998766	-0.998766	88.891799	1858.943829	0.000193	0.000193	1.3	153.3
237	-0.998640	-0.998640	89.594173	1847.137838	0.000142	0.000142	1.1	151.2
238	-0.998772	-0.998772	89.783862	1843.975100	0.000153	0.000153	1.1	150.7
239	-0.998718	-0.998718	90.555844	1831.214523	0.000180	0.000180	1.1	151.7
240	-0.998407	-0.998407	91.495719	1815.915161	0.000155	0.000155	1.1	152.6
241	-0.998805	-0.998805	92.331923	1802.516692	0.000127	0.000127	1.1	151.4
242	-0.998836	-0.998836	93.045413	1791.239796	0.000217	0.000217	1.1	151.2
243	-0.998895	-0.998895	93.163432	1789.388057	0.000115	0.000115	1.1	152.8
244	-0.998892	-0.998892	92.857710	1794.192796	0.000150	0.000150	1.1	151.6
245	-0.998771	-0.998771	92.977450	1792.307881	0.000142	0.000142	1.0	153.0
246	-0.998670	-0.998670	93.386188	1785.903411	0.000170	0.000170	1.1	150.9
247	-0.998640	-0.998640	93.223143	1788.452647	0.000252	0.000252	1.1	150.6
248	-0.998924	-0.998924	92.921651	1793.185766	0.000173	0.000173	1.1	150.7
249	-0.998787	-0.998787	93.921650	1777.582220	0.000197	0.000197	1.3	154.2
250	-0.998827	-0.998827	94.856761	1763.234889	0.000158	0.000158	1.1	152.4
251	-0.998755	-0.998755	95.847806	1748.280008	0.000222	0.000222	1.1	150.8
252	-0.998733	-0.998733	96.462985	1739.123875	0.000320	0.000320	1.1	151.4
253	-0.999038	-0.999038	97.462985	1724.443139	0.000118	0.000118	1.1	151.9
254	-0.998826	-0.998826	98.461929	1710.023305	0.000129	0.000129	1.1	153.1
255	-0.998894	-0.998894	99.300224	1698.107251	0.000100	0.000100	1.1	151.2
256	-0.998784	-0.998784	99.184229	1699.746170	0.000145	0.000145	1.1	152.8
257	-0.998855	-0.998855	99.071269	1701.345244	0.000183	0.000183	1.1	151.4
258	-0.998761	-0.998761	99.903073	1689.640112	0.000145	0.000145	1.1	151.9
259	-0.998858	-0.998858	99.551983	1694.560942	0.000118	0.000118	1.1	150.4
260	-0.998829	-0.998829	99.638596	1693.344325	0.000145	0.000145	1.1	151.8
261	-0.998773	-0.998773	100.202421	1685.467019	0.000145	0.000145	1.1	149.3
262	-0.998602	-0.998602	101.017312	1674.210639	0.000159	0.000159	1.6	153.2
263	-0.998917	-0.998917	101.976792	1661.148248	0.000109	0.000109	1.1	153.1
264	-0.998842	-0.998842	101.670750	1665.292522	0.000145	0.000145	1.1	151.3
265	-0.998543	-0.998543	101.533784	1667.153956	0.000156	0.000156	1.1	150.3
266	-0.998921	-0.998921	102.486505	1654.291550	0.000118	0.000118	1.1	151.4
267	-0.998738	-0.998738	102.924111	1648.449859	0.000193	0.000193	1.0	151.8
268	-0.998977	-0.998977	103.211973	1644.629554	0.000110	0.000110	1.1	150.9
269	-0.998923	-0.998923	104.054155	1633.553740	0.000155	0.000155	1.1	151.8
270	-0.998734	-0.998734	103.927727	1635.206904	0.000138	0.000138	1.1	146.5
271	-0.998658	-0.998658	104.468216	1628.162801	0.000127	0.000127	1.0	155.5
272	-0.998867	-0.998867	104.235434	1631.189167	0.000154	0.000154	1.1	144.2
273	-0.998726	-0.998726	105.193356	1618.806960	0.000155	0.000155	1.2	155.0
274	-0.998866	-0.998866	106.049990	1607.892151	0.000121	0.000121	1.1	152.8
275	-0.998804	-0.998804	106.077067	1607.549552	0.000182	0.000182	1.1	154.1
276	-0.998787	-0.998787	105.786192	1611.237620	0.000127	0.000127	1.1	153.5
277	-0.998698	-0.998698	105.428650	1615.794229	0.000129	0.000129	1.3	152.3
278	-0.998787	-0.998787	106.082718	1607.478070	0.000116	0.000116	1.1	153.1
279	-0.998686	-0.998686	105.988283	1608.673480	0.000118	0.000118	1.3	157.3
280	-0.998869	-0.998869	105.894290	1609.865046	0.000143	0.000143	1.6	157.7
281	-0.998812	-0.998812	105.875959	1610.097648	0.000135	0.000135	1.1	154.8
282	-0.998702	-0.998702	106.816475	1598.250015	0.000164	0.000164	1.1	158.0
283	-0.998801	-0.998801	106.562966	1601.426257	0.000125	0.000125	1.6	157.3
284	-0.998775	-0.998775	106.725187	1599.392318	0.000130	0.000130	1.4	179.5
285	-0.998915	-0.998915	106.780871	1598.695331	0.000104	0.000104	1.7	163.7
286	-0.998911	-0.998911	107.711347	1587.138099	0.000122	0.000122	1.3	161.8
287	-0.998889	-0.998889	107.623704	1588.219559	0.000256	0.000256	1.5	157.7
288	-0.998828	-0.998828	108.367137	1579.092548	0.000116	0.000116	1.1	155.2
289	-0.998844	-0.998844	108.855668	1573.151841	0.000107	0.000107	1.1	152.1
290	-0.998728	-0.998728	109.136414	1569.758038	0.000265	0.000265	1.1	155.0
291	-0.998942	-0.998942	109.155877	1569.523303	0.000126	0.000126	1.1	153.3
292	-0.998921	-0.998921	108.795582	1573.880086	0.000115	0.000115	1.1	152.0
293	-0.998708	-0.998708	108.443285	1578.163610	0.000191	0.000191	1.1	152.5
294	-0.998782	-0.998782	108.747725	1574.460613	0.000172	0.000172	1.2	167.0
295	-0.998941	-0.998941	108.435176	1578.262486	0.000132	0.000132	1.5	171.0
296	-0.998798	-0.998798	109.365489	1566.999698	0.000118	0.000118	1.2	183.1
297	-0.998927	-0.998927	109.626298	1563.871021	0.000115	0.000115	1.1	152.5
298	-0.998957	-0.998957	109.303930	1567.739995	0.000121	0.000121	1.1	158.0
299	-0.998881	-0.998881	109.990448	1559.523505	0.000106	0.000106	1.2	170.5
300	-0.998910	-0.998910	109.736002	1562.558739	0.000133	0.000133	1.0	171.1
301	-0.998833	-0.998833	109.632913	1563.791839	0.000110	0.000110	1.1	152.1
302	-0.998841	-0.998841	110.320624	1555.602441	0.000133	0.000133	1.4	158.5
303	-0.998927	-0.998927	110.002146	1559.384250	0.000142	0.000142	1.1	153.1
304	-0.998867	-0.998867	110.465781	1553.884825	0.000124	0.000124	1.1	149.7
305	-0.998800	-0.998800	110.717905	1550.910502	0.000132	0.000132	1.1	149.5
306	-0.998773	-0.998773	110.746090	1550.578708	0.000119	0.000119	1.1	149.6
307	-0.998760	-0.998760	110.712933	1550.969047	0.000122	0.000122	1.6	150.2
308	-0.998834	-0.998834	110.461424	1553.936333	0.000119	0.000119	1.1	149.6
309	-0.999014	-0.999014	110.279616	1556.088358	0.000110	0.000110	1.1	151.1
310	-0.998687	-0.998687	110.153879	1557.580179	0.000155	0.000155	1.4	149.4
311	-0.998842	-0.998842	109.834119	1561.386925	0.000108	0.000108	1.5	158.9
312	-0.998922	-0.998922	110.576706	1552.574839	0.000088	0.000088	1.1	149.0
313	-0.998851	-0.998851	110.528416	1553.144855	0.000093	0.000093	1.1	150.5
314	-0.998726	-0.998726	110.276671	1556.123273	0.000146	0.000146	1.0	150.7
315	-0.999006	-0.999006	110.905160	1548.708805	0.000094	0.000094	1.0	145.8
316	-0.998564	-0.998564	111.353780	1543.459374	0.000295	0.000295	1.1	149.0
317	-0.998799	-0.998799	111.007769	1547.504997	0.000190	0.000190	1.1	149.8
318	-0.998674	-0.998674	112.007769	1535.870301	0.000138	0.000138	1.1	149.9
319	-0.998888	-0.998888	112.923421	1525.369361	0.000143	0.000143	1.5	150.4
320	-0.998901	-0.998901	113.011054	1524.371876	0.000132	0.000132	1.1	149.5
321	-0.998727	-0.998727	113.369606	1520.304251	0.000174	0.000174	1.1	150.9
322	-0.998850	-0.998850	113.016520	1524.309711	0.000132	0.000132	1.2	150.6
323	-0.998854	-0.998854	112.706998	1527.838369	0.000139	0.000139	1.1	150.3
324	-0.998752	-0.998752	113.087542	1523.502331	0.000140	0.000140	1.4	150.5
325	-0.998971	-0.998971	113.847364	1514.917877	0.000098	0.000098	1.6	163.5
326	-0.998952	-0.998952	114.096487	1512.124314	0.000118	0.000118	1.2	142.3
327	-0.998995	-0.998995	114.350705	1509.284212	0.000127	0.000127	1.0	137.8
328	-0.998787	-0.998787	114.698293	1505.418213	0.000137	0.000137	2.5	141.7
329	-0.998770	-0.998770	114.888759	1503.308179	0.000166	0.000166	1.0	157.7
330	-0.998642	-0.998642	114.537797	1507.200847	0.000318	0.000318	0.9	156.4
331	-0.998970	-0.998970	115.321721	1498.533626	0.000162	0.000162	1.1	148.4
332	-0.998775	-0.998775	116.321720	1487.621054	0.000173	0.000173	1.4	156.1
333	-0.998938	-0.998938	115.973614	1491.401718	0.000111	0.000111	1.5	165.1
334	-0.998930	-0.998930	115.930847	1491.867512	0.000137	0.000137	1.2	160.6
335	-0.999005	-0.999005	116.344413	1487.375261	0.000128	0.000128	1.5	153.1
336	-0.998690	-0.998690	116.339325	1487.430369	0.000365	0.000365	1.1	154.3
337	-0.998799	-0.998799	117.324921	1476.832092	0.000111	0.000111	1.3	158.0
338	-0.998919	-0.998919	118.324448	1466.237151	0.000175	0.000175	1.1	153.5
339	-0.998681	-0.998681	117.969931	1469.977580	0.000177	0.000177	1.1	150.8
340	-0.998964	-0.998964	118.951591	1459.666743	0.000134	0.000134	1.4	149.6
341	-0.998895	-0.998895	119.215852	1456.915741	0.000123	0.000123	1.2	150.4
342	-0.998866	-0.998866	119.064144	1458.493780	0.000131	0.000131	1.2	152.9
343	-0.998867	-0.998867	119.718899	1451.707505	0.000128	0.000128	1.2	165.0
344	-0.998808	-0.998808	119.884484	1450.001284	0.000179	0.000179	1.0	150.2
345	-0.998891	-0.998891	119.561543	1453.332671	0.000118	0.000118	1.1	150.5
346	-0.998715	-0.998715	120.518371	1443.506461	0.000185	0.000185	1.1	151.2
347	-0.998873	-0.998873	120.192515	1446.837899	0.000116	0.000116	1.1	151.3
348	-0.998877	-0.998877	120.798871	1440.650975	0.000116	0.000116	1.1	151.1
349	-0.998876	-0.998876	121.454784	1434.017705	0.000120	0.000120	1.3	152.2
350	-0.998912	-0.998912	121.506053	1433.501794	0.000141	0.000141	1.1	150.0
351	-0.998851	-0.998851	121.239786	1436.185249	0.000162	0.000162	4.7	155.3
352	-0.998956	-0.998956	121.515030	1433.411495	0.000193	0.000193	2.2	173.3
353	-0.998780	-0.998780	121.814964	1430.401104	0.000150	0.000150	1.7	193.0
354	-0.998905	-0.998905	122.783373	1420.767081	0.000096	0.000096	1.5	186.0
355	-0.998943	-0.998943	122.562511	1422.952841	0.000149	0.000149	1.1	163.1
356	-0.998892	-0.998892	122.793798	1420.664075	0.000186	0.000186	1.2	158.7
357	-0.998930	-0.998930	123.793428	1410.856040	0.000122	0.000122	1.0	168.0
358	-0.998723	-0.998723	123.857012	1410.236752	0.000204	0.000204	1.5	169.4
359	-0.998742	-0.998742	123.690215	1411.862454	0.000151	0.000151	2.0	230.5
360	-0.998949	-0.998949	123.985050	1408.991353	0.000099	0.000099	1.5	170.7
361	-0.998884	-0.998884	123.836958	1410.432015	0.000142	0.000142	1.5	156.5
362	-0.998962	-0.998962	123.707732	1411.691549	0.000227	0.000227	1.6	152.7
363	-0.998992	-0.998992	123.378914	1414.906627	0.000109	0.000109	1.4	155.2
364	-0.999109	-0.999109	123.956154	1409.272231	0.000108	0.000108	1.5	161.5
365	-0.998918	-0.998918	124.243870	1406.480584	0.000138	0.000138	1.9	168.4
366	-0.999006	-0.999006	124.149137	1407.398531	0.000167	0.000167	1.5	171.5
367	-0.998962	-0.998962	125.017552	1399.028263	0.000112	0.000112	1.4	167.7
368	-0.998966	-0.998966	125.086358	1398.369325	0.000123	0.000123	1.9	162.7
369	-0.998795	-0.998795	125.358712	1395.767151	0.000140	0.000140	1.4	163.3
370	-0.998915	-0.998915	125.838219	1391.209208	0.000188	0.000188	4.0	187.1
371	-0.998640	-0.998640	126.820647	1381.963120	0.000164	0.000164	1.7	195.8
372	-0.998789	-0.998789	126.620611	1383.835771	0.000114	0.000114	1.8	191.8
373	-0.998764	-0.998764	126.306477	1386.786834	0.000189	0.000189	1.9	202.1
374	-0.998867	-0.998867	126.209297	1387.702316	0.000105	0.000105	1.5	183.1
375	-0.998896	-0.998896	126.146367	1388.295797	0.000116	0.000116	1.1	161.7
376	-0.998911	-0.998911	126.258255	1387.240959	0.000146	0.000146	1.1	159.9
377	-0.998858	-0.998858	126.006744	1389.614359	0.000147	0.000147	1.1	152.8
378	-0.998930	-0.998930	125.810884	1391.468236	0.000112	0.000112	1.8	157.9
379	-0.998818	-0.998818	126.402058	1385.887591	0.000168	0.000168	1.6	167.0
380	-0.998928	-0.998928	126.601237	1384.017413	0.000114	0.000114	1.2	168.1
381	-0.998774	-0.998774	126.915140	1381.080280	0.000159	0.000159	1.3	159.3
382	-0.998827	-0.998827	126.904685	1381.177902	0.000122	0.000122	1.1	155.0
383	-0.998921	-0.998921	127.247074	1377.987959	0.000148	0.000148	1.1	164.9
384	-0.998818	-0.998818	127.647768	1374.273461	0.000138	0.000138	1.3	153.9
385	-0.998933	-0.998933	128.244830	1368.775601	0.000180	0.000180	1.3	160.6
386	-0.998634	-0.998634	128.977027	1362.093158	0.000157	0.000157	1.5	164.7
387	-0.998983	-0.998983	129.781507	1354.825844	0.000129	0.000129	1.1	158.6
388	-0.998964	-0.998964	129.449303	1357.817405	0.000162	0.000162	1.5	153.5
389	-0.998955	-0.998955	129.586460	1356.580683	0.000125	0.000125	1.5	158.8
390	-0.998733	-0.998733	130.097451	1351.992908	0.000192	0.000192	1.1	168.2
391	-0.998975	-0.998975	130.206413	1351.018642	0.000124	0.000124	1.2	161.4
392	-0.998661	-0.998661	131.121557	1342.891081	0.000163	0.000163	1.4	162.6
393	-0.998861	-0.998861	131.010796	1343.869566	0.000164	0.000164	1.3	163.7
394	-0.998923	-0.998923	131.961516	1335.516852	0.000110	0.000110	1.1	162.9
395	-0.998675	-0.998675	131.940465	1335.700680	0.000144	0.000144	1.3	160.4
396	-0.998876	-0.998876	132.134889	1334.004838	0.000120	0.000120	1.7	164.6
397	-0.998969	-0.998969	132.080740	1334.476709	0.000119	0.000119	1.1	168.9
398	-0.998887	-0.998887	132.716206	1328.959953	0.000148	0.000148	1.3	166.4
399	-0.998849	-0.998849	132.830503	1327.972533	0.000159	0.000159	1.5	162.3
400	-0.998877	-0.998877	133.200452	1324.786532	0.000113	0.000113	1.7	165.6
401	-0.999078	-0.999078	134.001195	1317.942627	0.000103	0.000103	1.1	170.9
402	-0.998853	-0.998853	134.439063	1314.230020	0.000145	0.000145	1.1	158.7
403	-0.998875	-0.998875	134.090672	1317.182265	0.000193	0.000193	1.2	151.5
404	-0.999052	-0.999052	134.974998	1309.714282	0.000095	0.000095	1.5	151.4
405	-0.998933	-0.998933	135.636811	1304.180552	0.000164	0.000164	1.1	162.4
406	-0.998844	-0.998844	135.381186	1306.312403	0.000177	0.000177	1.2	167.0
407	-0.998818	-0.998818	136.363319	1298.159465	0.000243	0.000243	1.1	166.0
408	-0.998729	-0.998729	136.084734	1300.461712	0.000176	0.000176	1.2	164.1
409	-0.998887	-0.998887	135.724585	1303.450143	0.000130	0.000130	1.7	165.4
410	-0.998853	-0.998853	136.546357	1296.651262	0.000164	0.000164	1.1	160.3
411	-0.999063	-0.999063	136.570947	1296.448910	0.000094	0.000094	1.1	152.4
412	-0.998824	-0.998824	137.279210	1290.647601	0.000118	0.000118	1.3	161.2
413	-0.998826	-0.998826	137.384890	1289.786436	0.000159	0.000159	1.5	167.3
414	-0.999003	-0.999003	137.343119	1290.126680	0.000138	0.000138	1.3	164.7
415	-0.999074	-0.999074	137.346582	1290.098467	0.000096	0.000096	1.1	163.1
416	-0.998959	-0.998959	137.581165	1288.190069	0.000135	0.000135	1.6	163.7
417	-0.998854	-0.998854	137.924582	1285.406449	0.000119	0.000119	1.6	160.0
418	-0.998662	-0.998662	137.659619	1287.553091	0.000237	0.000237	1.7	166.6
419	-0.999016	-0.999016	138.426748	1281.357648	0.000110	0.000110	1.8	167.0
420	-0.998949	-0.998949	138.299963	1282.377463	0.000134	0.000134	1.5	164.8
421	-0.998961	-0.998961	138.336767	1282.081256	0.000102	0.000102	1.2	162.0
422	-0.998979	-0.998979	138.925696	1277.359972	0.000112	0.000112	1.7	162.7
423	-0.998937	-0.998937	138.836744	1278.070841	0.000152	0.000152	1.4	161.1
424	-0.998583	-0.998583	138.541120	1280.439068	0.000168	0.000168	1.2	161.1
425	-0.998934	-0.998934	138.393250	1281.626935	0.000170	0.000170	1.1	163.5
426	-0.998827	-0.998827	138.815872	1278.237765	0.000160	0.000160	1.2	165.4
427	-0.998768	-0.998768	139.793764	1270.463965	0.000434	0.000434	1.1	166.0
428	-0.998856	-0.998856	139.537551	1272.491583	0.000141	0.000141	1.1	160.6
429	-0.998880	-0.998880	139.357956	1273.916723	0.000199	0.000199	2.0	155.3
430	-0.998689	-0.998689	139.622946	1271.815064	0.000154	0.000154	1.5	162.0
431	-0.998981	-0.998981	140.604351	1264.091471	0.000110	0.000110	1.6	167.9
432	-0.998894	-0.998894	140.759451	1262.879429	0.000119	0.000119	1.1	164.4
433	-0.998942	-0.998942	140.476437	1265.092831	0.000237	0.000237	1.7	164.7
434	-0.998767	-0.998767	140.121003	1267.883634	0.000179	0.000179	1.1	167.9
435	-0.998988	-0.998988	141.113730	1260.119561	0.000156	0.000156	1.1	158.1
436	-0.999002	-0.999002	140.757294	1262.896264	0.000083	0.000083	1.0	152.0
437	-0.999061	-0.999061	141.443594	1257.560717	0.000093	0.000093	1.1	153.2
438	-0.998906	-0.998906	141.758567	1255.127065	0.000127	0.000127	1.1	156.1
439	-0.999020	-0.999020	141.657047	1255.910431	0.000125	0.000125	1.7	160.6
440	-0.998738	-0.998738	141.815707	1254.686582	0.000184	0.000184	1.1	151.6
441	-0.998928	-0.998928	142.500641	1249.430468	0.000236	0.000236	1.1	149.9
442	-0.998878	-0.998878	143.500583	1241.835616	0.000260	0.000260	1.1	152.2
443	-0.998875	-0.998875	144.500583	1234.332104	0.000137	0.000137	1.1	151.0
444	-0.998846	-0.998846	145.500488	1226.919418	0.000109	0.000109	1.1	152.2
445	-0.998818	-0.998818	145.317671	1228.268058	0.000191	0.000191	1.1	150.8
446	-0.998769	-0.998769	146.289611	1221.131914	0.000130	0.000130	1.1	150.9
447	-0.999023	-0.999023	146.119619	1222.374033	0.000127	0.000127	1.1	152.1
448	-0.998953	-0.998953	146.267193	1221.295570	0.000124	0.000124	1.1	149.7
449	-0.998782	-0.998782	145.929194	1223.768455	0.000123	0.000123	1.1	150.8
450	-0.998910	-0.998910	146.544714	1219.272622	0.000156	0.000156	1.1	151.3
451	-0.998929	-0.998929	146.705558	1218.103232	0.000158	0.000158	1.1	154.4
452	-0.998855	-0.998855	147.679589	1211.069366	0.000128	0.000128	1.1	151.4
453	-0.998990	-0.998990	147.506931	1212.310269	0.000099	0.000099	1.6	159.8
454	-0.998742	-0.998742	147.201860	1214.509061	0.000190	0.000190	1.1	164.3
455	-0.998942	-0.998942	147.522242	1212.200119	0.000153	0.000153	1.5	163.5
456	-0.998936	-0.998936	148.488940	1205.286211	0.000135	0.000135	1.6	162.2
457	-0.998835	-0.998835	148.189796	1207.417275	0.000194	0.000194	1.8	164.6
458	-0.998883	-0.998883	148.476843	1205.372243	0.000172	0.000172	1.0	158.4
459	-0.999008	-0.999008	149.095799	1200.986052	0.000131	0.000131	1.1	146.8
460	-0.998936	-0.998936	148.952657	1201.997580	0.000138	0.000138	1.0	135.3
461	-0.999069	-0.999069	148.977669	1201.820708	0.000124	0.000124	1.9	159.0
462	-0.998967	-0.998967	148.934019	1202.129411	0.000188	0.000188	1.6	165.2
463	-0.998911	-0.998911	149.449366	1198.494825	0.000115	0.000115	1.7	166.9
464	-0.998802	-0.998802	150.039125	1194.362300	0.000099	0.000099	1.5	166.6
465	-0.999022	-0.999022	149.756673	1196.337916	0.000151	0.000151	1.1	159.2
466	-0.998906	-0.998906	149.844825	1195.720632	0.000114	0.000114	1.1	152.3
467	-0.998866	-0.998866	150.404388	1191.817110	0.000216	0.000216	1.2	152.0
468	-0.998697	-0.998697	150.824469	1188.903322	0.000467	0.000467	1.1	153.3
469	-0.998984	-0.998984	151.816947	1182.075519	0.000122	0.000122	1.1	153.7
470	-0.998919	-0.998919	152.318016	1178.658092	0.000195	0.000195	1.1	152.8
471	-0.998904	-0.998904	152.221676	1179.313622	0.000099	0.000099	1.1	152.3
472	-0.998600	-0.998600	152.200471	1179.458005	0.000353	0.000353	1.1	153.2
473	-0.998995	-0.998995	152.111399	1180.064878	0.000126	0.000126	1.2	151.3
474	-0.998786	-0.998786	151.759336	1182.469715	0.000259	0.000259	1.1	152.4
475	-0.998964	-0.998964	151.751327	1182.524532	0.000118	0.000118	1.1	151.0
476	-0.998767	-0.998767	151.419735	1184.798728	0.000149	0.000149	1.6	153.4
477	-0.998879	-0.998879	151.399456	1184.938091	0.000148	0.000148	1.1	154.6
478	-0.998741	-0.998741	151.281803	1185.747295	0.000134	0.000134	1.1	155.0
479	-0.998910	-0.998910	151.015595	1187.582336	0.000105	0.000105	1.1	152.6
480	-0.999018	-0.999018	150.913960	1188.284431	0.000103	0.000103	1.4	150.9
481	-0.998773	-0.998773	150.891597	1188.439030	0.000138	0.000138	1.1	152.4
482	-0.999018	-0.999018	151.062448	1187.258956	0.000145	0.000145	1.1	151.1
483	-0.998816	-0.998816	152.051647	1180.472342	0.000194	0.000194	1.1	153.4
484	-0.998853	-0.998853	153.051099	1173.693720	0.000177	0.000177	1.1	150.7
485	-0.998901	-0.998901	152.690719	1176.128944	0.000120	0.000120	1.5	150.7
486	-0.998916	-0.998916	152.770752	1175.587261	0.000189	0.000189	1.1	153.0
487	-0.998895	-0.998895	153.394711	1171.381181	0.000187	0.000187	1.4	149.9
488	-0.998893	-0.998893	153.055364	1173.664962	0.000172	0.000172	1.7	160.3
489	-0.998828	-0.998828	154.055317	1166.960740	0.000164	0.000164	1.6	156.4
490	-0.998911	-0.998911	154.977894	1160.842862	0.000168	0.000168	1.1	153.7
491	-0.998908	-0.998908	155.971969	1154.322256	0.000122	0.000122	1.1	150.2
492	-0.998950	-0.998950	156.655874	1149.878573	0.000137	0.000137	1.1	150.5
493	-0.998905	-0.998905	156.739631	1149.336706	0.000124	0.000124	1.3	151.0
494	-0.999042	-0.999042	156.558589	1150.508596	0.000134	0.000134	1.3	158.9
495	-0.998885	-0.998885	156.363071	1151.776866	0.000140	0.000140	1.1	165.2
496	-0.998910	-0.998910	156.126694	1153.313926	0.000120	0.000120	1.3	155.8
497	-0.998824	-0.998824	156.010963	1154.067965	0.000130	0.000130	1.5	160.1
498	-0.999014	-0.999014	156.346396	1151.885162	0.000110	0.000110	1.6	164.3
499	-0.998964	-0.998964	156.787331	1149.028346	0.000119	0.000119	1.5	164.0
