(Transform "BSplineTransform")
(NumberOfParameters 476)
(TransformParameters -0.005385 -0.054820 -0.115146 -0.182629 -0.390282 -1.092603 -2.438512 -4.432582 -7.678734 -11.609007 -15.786656 -18.713076 -19.576761 -9.974029 -0.036887 0.061523 0.228766 0.685219 0.972286 -0.157156 -2.844533 -6.230145 -14.273030 -20.976104 -25.564083 -38.756602 -49.915591 -26.080559 -0.080141 0.364563 1.027730 2.460595 3.978614 3.466485 0.977826 -0.728327 -0.652923 -6.095096 -13.842011 -26.244934 -46.352347 -29.245049 -0.154849 0.859284 2.306259 5.262523 8.960978 10.005094 8.226822 7.666058 7.012036 2.005901 -8.458853 -21.170093 -39.796392 -30.888932 -0.262645 1.394947 3.647189 8.917014 16.152920 20.215387 19.973146 18.864366 16.184934 8.858749 -0.890413 -14.991379 -36.461287 -30.279660 -0.395500 1.564354 3.891082 11.523655 20.169613 26.244895 28.119248 27.290291 23.384371 14.341935 3.961646 -10.660160 -33.371718 -28.562310 -0.534874 1.420447 3.888547 13.762095 23.677935 29.710166 33.022844 32.068011 27.722313 20.131378 8.869105 -6.509767 -29.457581 -26.183177 -0.662512 1.159365 3.606587 14.639921 25.460127 31.473469 34.101923 34.686024 31.253011 22.328504 10.775569 -3.967778 -25.883689 -23.906056 -0.765350 1.247253 3.914581 15.443515 25.965384 32.560810 35.774032 35.162713 31.777888 24.099078 12.802582 -2.328122 -24.104570 -22.381283 -0.639668 1.208451 3.576785 15.416161 25.474334 30.549624 33.737141 33.664998 29.895396 23.374076 12.293703 -0.600487 -22.074065 -20.841416 -0.070381 1.881305 4.120557 15.040732 23.082263 28.499980 31.389470 31.093133 27.861091 21.638283 11.797345 -0.676987 -20.893030 -18.575108 1.864287 3.964387 4.531546 13.935409 19.456813 24.383653 25.894367 25.725627 22.721928 17.948948 9.075315 -2.178500 -19.137574 -15.703073 6.070321 8.887843 5.832996 13.153891 16.444697 18.958796 19.963644 19.394301 17.333222 12.166896 5.276066 -1.580445 -18.781048 -12.591128 10.431501 14.600947 8.254012 9.626776 11.414472 11.565884 11.831895 10.906022 9.337441 6.180512 -0.261795 -5.530914 -18.820209 -9.198571 12.535459 20.253033 12.108940 6.998424 5.724152 1.880737 -0.228083 -1.453904 -3.307763 -2.828808 -2.872960 -6.002692 -13.597289 -5.579628 12.646246 23.828539 18.120304 8.585522 -1.288780 -5.533972 -6.114622 -5.895011 -7.988741 -12.813884 -15.576062 -13.428533 -8.700324 -2.899682 5.390607 9.474318 7.671394 3.834057 -1.062970 -3.378349 -2.928964 -2.280968 -2.475759 -3.512972 -4.544270 -3.909975 -2.086065 -0.497496 1.140510 3.054827 3.718860 3.686442 2.954186 3.210119 4.895162 7.678695 11.407238 15.561323 19.017978 18.439474 14.851381 5.246671 2.005782 5.300874 6.362454 6.009588 4.300557 4.586993 7.709455 12.853390 20.681706 28.968653 35.569726 37.032753 31.787380 11.352902 1.717821 4.390838 5.054529 4.076257 1.696024 1.362559 3.697640 7.345436 11.829380 18.860585 26.177102 28.147161 26.259585 10.488388 1.350906 3.385501 3.619262 1.725332 -1.367460 -2.506170 -1.396524 0.344292 2.387014 7.199745 14.486606 17.753085 17.871144 8.634595 1.298767 4.466023 4.787357 0.460933 -2.114730 -4.722289 -5.101185 -3.917618 -3.545810 -1.598453 4.712190 9.580953 12.055759 6.907394 1.256951 4.360725 4.602128 0.061667 -2.643944 -4.803073 -5.939876 -6.310123 -5.169284 -2.549888 0.978022 6.156712 9.478844 5.658670 0.972710 2.831366 3.227131 0.497042 -3.060053 -5.231278 -6.671147 -6.911351 -6.487726 -4.327027 -1.681008 3.981562 7.985279 4.857555 0.676668 2.324417 3.047745 0.320933 -3.233247 -5.170394 -6.567762 -7.287871 -6.798894 -5.322230 -2.433592 1.018266 5.332078 4.174645 0.469904 1.640474 2.160494 -0.302156 -3.201662 -5.096533 -6.431705 -7.012439 -6.898859 -5.705939 -3.466255 0.381247 4.226017 3.374875 0.241493 0.813665 1.157721 -0.948060 -3.201916 -4.609236 -5.560958 -6.184430 -5.807358 -4.803092 -3.687771 0.059693 3.643197 2.684687 -0.097533 -0.170861 -0.430841 -2.052267 -3.074167 -3.978322 -4.905111 -5.188886 -5.071905 -4.514864 -2.747939 -1.155511 2.363430 2.279204 -1.285888 -2.680223 -3.432054 -3.216533 -2.933471 -3.236311 -3.322228 -3.230296 -3.228788 -2.736589 -1.818097 0.166085 3.046057 2.041206 -4.019525 -7.230224 -6.607276 -5.481977 -3.774053 -2.628406 -1.701476 -1.618475 -1.633830 -0.968771 -0.389071 0.374720 2.476476 1.681447 -7.529022 -13.980060 -11.181693 -6.421106 -3.452073 -1.735114 -0.106192 0.675339 1.372545 1.141772 1.654739 2.102179 2.867968 1.335417 -10.744355 -24.198039 -21.812798 -12.454264 -2.988722 -0.013944 2.807862 4.107140 4.445552 4.295840 3.702267 2.819802 3.454897 1.060797 -12.398995 -32.725035 -35.203822 -26.067281 -9.386502 -0.586251 2.510704 5.510379 6.315995 6.727585 6.282642 4.751316 3.533861 0.815855 -6.012400 -15.941619 -18.510169 -15.816459 -7.791124 -1.909773 0.549018 1.961001 2.558652 2.738640 2.480596 1.822996 1.324208 0.276945)
(InitialTransformParametersFileName "./TransformParameters.0.txt")
(UseBinaryFormatForTransformationParameters "false")
(HowToCombineTransforms "Compose")

// Image specific
(FixedImageDimension 2)
(MovingImageDimension 2)
(FixedInternalImagePixelType "float")
(MovingInternalImagePixelType "float")
(Size 512 700)
(Index 0 0)
(Spacing 1.0000000000 1.0000000000)
(Origin 0.0000000000 0.0000000000)
(Direction 1.0000000000 0.0000000000 0.0000000000 1.0000000000)
(UseDirectionCosines "true")

// BSplineTransform specific
(GridSize 14 17)
(GridIndex 0 0)
(GridSpacing 49.0668759539 48.7478575937)
(GridOrigin -46.8928910711 -35.9384297735)
(GridDirection 1.0000000000 0.0000000000 0.0000000000 1.0000000000)
(BSplineTransformSplineOrder 3)
(UseCyclicTransform "false")

// ResampleInterpolator specific
(ResampleInterpolator "FinalBSplineInterpolator")
(FinalBSplineInterpolationOrder 3)

// Resampler specific
(Resampler "DefaultResampler")
(DefaultPixelValue 0.000000)
(ResultImageFormat "tif")
(ResultImagePixelType "float")
(CompressResultImage "false")
